time,right_j0,right_j1,right_j2,right_j3,right_j4,right_j5,right_j6,right_gripper
0.000000000000,-0.001788085937,-0.870750000000,-0.002564453125,2.093040039063,0.002195312500,0.002951171875,-0.006278320313,0.000000000000
0.010132074356,-0.001891601563,-0.870750000000,-0.002564453125,2.093040039063,0.002195312500,0.002951171875,-0.006278320313,0.000000000000
0.020260095596,-0.001891601563,-0.870750000000,-0.002564453125,2.093040039063,0.002195312500,0.003158203125,-0.006278320313,0.000000000000
0.030393123627,-0.001891601563,-0.870852539063,-0.002564453125,2.093040039063,0.002195312500,0.003158203125,-0.006278320313,0.000000000000
0.040518999100,-0.001994140625,-0.870852539063,-0.002708007813,2.093040039063,0.002195312500,0.003571289063,-0.006278320313,0.000000000000
0.050640106201,-0.001994140625,-0.870852539063,-0.002708007813,2.092895507812,0.002195312500,0.003777343750,-0.006278320313,0.000000000000
0.060781002045,-0.001994140625,-0.870852539063,-0.002708007813,2.093040039063,0.002401367188,0.003984375000,-0.006278320313,0.000000000000
0.070939064026,-0.001994140625,-0.870852539063,-0.002852539062,2.092895507812,0.002401367188,0.004603515625,-0.006278320313,0.000000000000
0.081089019775,-0.001994140625,-0.870852539063,-0.002852539062,2.092895507812,0.002401367188,0.005236328125,-0.006278320313,0.000000000000
0.091253995895,-0.001994140625,-0.870852539063,-0.002852539062,2.092895507812,0.002401367188,0.005856445312,-0.006278320313,0.000000000000
0.101406097412,-0.001891601563,-0.870852539063,-0.002997070312,2.092750976562,0.002608398437,0.006888671875,-0.006278320313,0.000000000000
0.111570119858,-0.001891601563,-0.870852539063,-0.002997070312,2.092461914063,0.002814453125,0.007934570312,-0.006278320313,0.000000000000
0.121728181839,-0.001994140625,-0.870956054688,-0.003141601563,2.092317382812,0.003021484375,0.009380859375,-0.006278320313,0.000000000000
0.131879091263,-0.002096679687,-0.871161132812,-0.003141601563,2.091884765625,0.003021484375,0.010839843750,-0.006278320313,0.000000000000
0.142042160034,-0.002200195313,-0.871367187500,-0.003286132813,2.091595703125,0.003227539063,0.012286132812,-0.006485351563,0.000000000000
0.152196168900,-0.002412109375,-0.871573242187,-0.003286132813,2.091163085938,0.003227539063,0.014158203125,-0.006485351563,0.000000000000
0.162360191345,-0.002515625000,-0.871881835938,-0.003286132813,2.090576171875,0.003227539063,0.016236328125,-0.006485351563,0.000000000000
0.172520160675,-0.002720703125,-0.872087890625,-0.003430664062,2.089854492187,0.003227539063,0.018728515625,-0.006485351563,0.000000000000
0.182674169540,-0.003029296875,-0.872499023437,-0.003430664062,2.089132812500,0.003434570312,0.021220703125,-0.006485351563,0.000000000000
0.192845106125,-0.003441406250,-0.872911132812,-0.003574218750,2.088266601563,0.003641601563,0.024125000000,-0.006485351563,0.000000000000
0.203018188477,-0.003750000000,-0.873425781250,-0.003718750000,2.087111328125,0.003834960938,0.027443359375,-0.006485351563,0.000000000000
0.213222026825,-0.004058593750,-0.873940429687,-0.003863281250,2.085956054687,0.004454101562,0.031174804687,-0.006691406250,0.000000000000
0.223384141922,-0.004580078125,-0.874557617188,-0.004007812500,2.084657226562,0.005074218750,0.035125000000,-0.006691406250,0.000000000000
0.233541011810,-0.005094726562,-0.875278320312,-0.004152343750,2.083348632813,0.005680664063,0.039476562500,-0.006691406250,0.000000000000
0.243710041046,-0.005711914063,-0.876101562500,-0.004296875000,2.081760742187,0.006300781250,0.044252929687,-0.006691406250,0.000000000000
0.253872156143,-0.006226562500,-0.876924804688,-0.004584960938,2.080171875000,0.006920898437,0.049650390625,-0.006691406250,0.000000000000
0.264045000076,-0.006953125000,-0.877850585937,-0.004874023437,2.078439453125,0.007527343750,0.055666992188,-0.006691406250,0.000000000000
0.274208068848,-0.007673828125,-0.878776367187,-0.005163085937,2.076553710938,0.008147460937,0.062315429687,-0.006898437500,0.000000000000
0.284367084503,-0.008291015625,-0.879703125000,-0.005451171875,2.074676757813,0.008973632813,0.068745117187,-0.006898437500,0.000000000000
0.294543027878,-0.009121093750,-0.880732421875,-0.005740234375,2.072656250000,0.009787109375,0.075794921875,-0.006898437500,0.000000000000
0.304704189301,-0.009840820312,-0.881864257812,-0.006038085937,2.070481445312,0.010613281250,0.083683593750,-0.006898437500,0.000000000000
0.314853191376,-0.010767578125,-0.883098632813,-0.006327148438,2.068315429687,0.011632812500,0.091572265625,-0.006898437500,0.000000000000
0.325024127960,-0.011802734375,-0.884327148438,-0.006759765625,2.065861328125,0.012458984375,0.100287109375,-0.007104492188,0.000000000000
0.335180997849,-0.012728515625,-0.885768554688,-0.007193359375,2.063397460937,0.013079101563,0.109828125000,-0.007104492188,0.000000000000
0.345535039902,-0.013867187500,-0.887208984375,-0.007625976563,2.060943359375,0.013685546875,0.118750000000,-0.007311523438,0.000000000000
0.355699062347,-0.016137695312,-0.890193359375,-0.008781250000,2.055159179688,0.014511718750,0.139910156250,-0.007311523438,0.000000000000
0.365848064423,-0.017378906250,-0.891839843750,-0.009358398438,2.052416015625,0.015131835937,0.150484375000,-0.007311523438,0.000000000000
0.376007080078,-0.018716796875,-0.893692382812,-0.009945312500,2.049231445313,0.015325195312,0.162104492188,-0.007311523438,0.000000000000
0.386161088943,-0.020164062500,-0.895441406250,-0.010666992188,2.046190429687,0.015738281250,0.173311523438,-0.007311523438,0.000000000000
0.396329164505,-0.021611328125,-0.897293945312,-0.011398437500,2.042869140625,0.016151367188,0.185538085938,-0.007311523438,0.000000000000
0.406484127045,-0.023155273437,-0.899352539063,-0.012120117187,2.039540039063,0.016358398438,0.197777343750,-0.007311523438,0.000000000000
0.416662216187,-0.024705078125,-0.901513671875,-0.012986328125,2.036219726562,0.016565429688,0.209797851562,-0.007517578125,0.000000000000
0.426851034164,-0.026460937500,-0.903571289062,-0.013861328125,2.032745117187,0.016565429688,0.223070312500,-0.007517578125,0.000000000000
0.437024116516,-0.028319335937,-0.905725585937,-0.014727539062,2.029271484375,0.016565429688,0.235515625000,-0.007517578125,0.000000000000
0.447201013565,-0.030178710937,-0.907886718750,-0.015738281250,2.025662109375,0.016565429688,0.248156250000,-0.007517578125,0.000000000000
0.457376003265,-0.032139648438,-0.910047851563,-0.016749023437,2.021899414063,0.016565429688,0.261634765625,-0.007737304688,0.000000000000
0.467546224594,-0.034205078125,-0.912312500000,-0.017768554688,2.018280273438,0.016358398438,0.274481445313,-0.007737304688,0.000000000000
0.477724075317,-0.036372070312,-0.914576171875,-0.018923828125,2.014382812500,0.016151367188,0.287534179688,-0.007737304688,0.000000000000
0.487894058228,-0.038745117187,-0.916839843750,-0.020078125000,2.010475585937,0.015945312500,0.301013671875,-0.007737304688,0.000000000000
0.498073101044,-0.041119140625,-0.919207031250,-0.021242187500,2.006568359375,0.015945312500,0.314066406250,-0.007737304688,0.000000000000
0.508248090744,-0.043594726562,-0.921574218750,-0.022541992187,2.002661132812,0.015945312500,0.326913085938,-0.007944335937,0.000000000000
0.518417119980,-0.046277343750,-0.923934570313,-0.023697265625,1.998609375000,0.015945312500,0.339552734375,-0.008150390625,0.000000000000
0.528593063354,-0.048965820312,-0.926301757813,-0.024851562500,1.994567382812,0.015738281250,0.352605468750,-0.008357421875,0.000000000000
0.538765192032,-0.051750976563,-0.928667968750,-0.026160156250,1.990515625000,0.015325195312,0.365025390625,-0.008563476563,0.000000000000
0.548935174942,-0.054535156250,-0.930932617187,-0.027459960937,1.986319335937,0.014925781250,0.377458984375,-0.008770507812,0.000000000000
0.559114217758,-0.057533203125,-0.933196289062,-0.028767578125,1.981834960937,0.014305664062,0.390292968750,-0.008976562500,0.000000000000
0.569284200668,-0.060523437500,-0.935459960937,-0.030076171875,1.977639648438,0.013685546875,0.402106445313,-0.009183593750,0.000000000000
0.579461097717,-0.063726562500,-0.937621093750,-0.031520507813,1.973443359375,0.013272460937,0.413700195313,-0.009802734375,0.000000000000
0.589632034302,-0.066922851562,-0.939884765625,-0.032828125000,1.969247070313,0.012458984375,0.425500976563,-0.010422851563,0.000000000000
0.599843025208,-0.070229492188,-0.941936523438,-0.034272460937,1.965051757812,0.012045898438,0.437300781250,-0.011674804688,0.000000000000
0.610032081604,-0.073631835938,-0.944097656250,-0.035715820313,1.961000000000,0.011426757813,0.448275390625,-0.014154296875,0.000000000000
0.620205163956,-0.077143554688,-0.946258789063,-0.037168945312,1.956660156250,0.010406250000,0.458824218750,-0.018104492188,0.000000000000
0.630382061005,-0.080757812500,-0.948317382812,-0.038756835937,1.952319335937,0.009386718750,0.470417968750,-0.023075195313,0.000000000000
0.640555143356,-0.084366210938,-0.950375000000,-0.040344726563,1.948124023437,0.008560546875,0.480978515625,-0.029091796875,0.000000000000
0.650723218918,-0.088083984375,-0.952331054688,-0.042086914063,1.943927734375,0.007940429688,0.490907226563,-0.036347656250,0.000000000000
0.660899162292,-0.091801757812,-0.954182617187,-0.043674804687,1.939731445313,0.007333984375,0.500848632813,-0.045062500000,0.000000000000
0.671072006226,-0.095724609375,-0.956035156250,-0.045416015625,1.935536132813,0.007126953125,0.510571289063,-0.055636718750,0.000000000000
0.681251049042,-0.099847656250,-0.957681640625,-0.047158203125,1.931484375000,0.007126953125,0.520292968750,-0.066430664063,0.000000000000
0.691420078278,-0.103874023438,-0.959116210937,-0.049043945312,1.927288085937,0.007333984375,0.529601562500,-0.078256835938,0.000000000000
0.701586008072,-0.108105468750,-0.960454101562,-0.050920898438,1.923092773438,0.007333984375,0.538291015625,-0.091322265625,0.000000000000
0.711760997772,-0.112337890625,-0.961791992188,-0.052806640625,1.918896484375,0.007333984375,0.547392578125,-0.105847656250,0.000000000000
0.721943140030,-0.116776367187,-0.963129882813,-0.054828125000,1.914845703125,0.007333984375,0.556701171875,-0.120166015625,0.000000000000
0.732115030289,-0.121310546875,-0.964467773438,-0.056713867188,1.910938476562,0.007527343750,0.565184570313,-0.136136718750,0.000000000000
0.742300033569,-0.125851562500,-0.965599609375,-0.058878906250,1.907175781250,0.007734375000,0.573459960937,-0.152533203125,0.000000000000
0.752479076385,-0.130495117188,-0.966628906250,-0.060909179688,1.903412109375,0.008147460937,0.581736328125,-0.169343750000,0.000000000000
0.762662172318,-0.135241210937,-0.967657226562,-0.063075195312,1.899793945312,0.008560546875,0.590011718750,-0.187818359375,0.000000000000
0.772844076157,-0.140097656250,-0.968377929688,-0.065258789063,1.895886718750,0.009386718750,0.598274414063,-0.205661132813,0.000000000000
0.783020019531,-0.145049804688,-0.968995117187,-0.067568359375,1.892124023438,0.010613281250,0.606550781250,-0.224549804687,0.000000000000
0.793200016022,-0.150105468750,-0.969509765625,-0.070032226562,1.888505859375,0.012045898438,0.614400390625,-0.243025390625,0.000000000000
0.803379058838,-0.155270507813,-0.970024414062,-0.072351562500,1.884743164063,0.013685546875,0.622056640625,-0.261087890625,0.000000000000
0.813561201096,-0.160531250000,-0.970333007812,-0.074950195312,1.881269531250,0.015532226562,0.629712890625,-0.279563476563,0.000000000000
0.823744058609,-0.166004882813,-0.970539062500,-0.077413085938,1.877794921875,0.017791992188,0.637769531250,-0.296799804688,0.000000000000
0.833942174911,-0.171369140625,-0.970539062500,-0.080156250000,1.874321289063,0.020670898438,0.645619140625,-0.314242187500,0.000000000000
0.844127178192,-0.176842773437,-0.970436523437,-0.082917968750,1.870846679688,0.023537109375,0.653069335938,-0.330432617187,0.000000000000
0.854306221008,-0.182418945312,-0.970230468750,-0.085814453125,1.867517578125,0.026623046875,0.660505859375,-0.345589843750,0.000000000000
0.864486217499,-0.188194335938,-0.970024414062,-0.088566406250,1.864187500000,0.029902343750,0.667322265625,-0.360954101563,0.000000000000
0.874665021896,-0.194079101562,-0.969613281250,-0.091597656250,1.860713867188,0.033181640625,0.674359375000,-0.375285156250,0.000000000000
0.884824991226,-0.199964843750,-0.969201171875,-0.094638671875,1.857239257813,0.037080078125,0.681175781250,-0.389203125000,0.000000000000
0.895000219345,-0.205843750000,-0.968583984375,-0.097824218750,1.853765625000,0.040979492188,0.687580078125,-0.403947265625,0.000000000000
0.905175209045,-0.211934570312,-0.967863281250,-0.100865234375,1.850291992188,0.045084960938,0.693777343750,-0.417659179687,0.000000000000
0.915351152420,-0.218122070312,-0.966937500000,-0.103906250000,1.846664062500,0.049810546875,0.699574218750,-0.431357421875,0.000000000000
0.925765037537,-0.230818359375,-0.964982421875,-0.109988281250,1.839860351563,0.059662109375,0.709489257813,-0.460032226562,0.000000000000
0.935930013657,-0.237217773438,-0.963849609375,-0.113317382813,1.836242187500,0.065200195313,0.714654296875,-0.474363281250,0.000000000000
0.946102142334,-0.243617187500,-0.962615234375,-0.116782226562,1.832624023437,0.070739257812,0.719199218750,-0.489934570312,0.000000000000
0.956268072128,-0.250120117187,-0.961174804688,-0.120256835938,1.828716796875,0.076071289063,0.723124023438,-0.505311523437,0.000000000000
0.966439008713,-0.256622070313,-0.959630859375,-0.123594726563,1.824809570313,0.082436523438,0.727048828125,-0.521101562500,0.000000000000
0.976601123810,-0.263234375000,-0.958093750000,-0.126780273438,1.821038085937,0.088594726563,0.730147460938,-0.537923828125,0.000000000000
0.986765146255,-0.269936523438,-0.956447265625,-0.129957031250,1.817130859375,0.094546875000,0.732625976562,-0.554346679687,0.000000000000
0.996937990189,-0.276644531250,-0.954697265625,-0.133141601562,1.813223632812,0.101119140625,0.734898437500,-0.571789062500,0.000000000000
1.007110118866,-0.283352539063,-0.952742187500,-0.136471679688,1.809316406250,0.107883789062,0.736757812500,-0.589658203125,0.000000000000
1.017279148102,-0.290061523438,-0.950684570312,-0.139657226562,1.805400390625,0.114662109375,0.738410156250,-0.607320312500,0.000000000000
1.027451992035,-0.296666992187,-0.948419921875,-0.142986328125,1.801348632812,0.121647460937,0.739649414062,-0.625822265625,0.000000000000
1.037616014481,-0.303272460937,-0.946156250000,-0.146316406250,1.797152343750,0.128825195313,0.740475585937,-0.643277343750,0.000000000000
1.047805070877,-0.309980468750,-0.943686523438,-0.149645507812,1.793091796875,0.136016601563,0.740888671875,-0.662192382813,0.000000000000
1.057974100113,-0.316585937500,-0.941120117187,-0.152831054687,1.788896484375,0.142989257812,0.740888671875,-0.680267578125,0.000000000000
1.068145990372,-0.323191406250,-0.938547851562,-0.156161132812,1.784691406250,0.150593750000,0.740888671875,-0.697942382812,0.000000000000
1.078327178955,-0.329687500000,-0.935872070312,-0.159336914063,1.780639648438,0.158185546875,0.740475585937,-0.716017578125,0.000000000000
1.088505029678,-0.336189453125,-0.933093750000,-0.162531250000,1.776588867188,0.165363281250,0.740475585937,-0.733473632812,0.000000000000
1.098678112030,-0.342692382812,-0.930109375000,-0.166004882813,1.772383789063,0.173174804687,0.740269531250,-0.751135742188,0.000000000000
1.108852148056,-0.349195312500,-0.927021484375,-0.169326171875,1.768187500000,0.180146484375,0.740062500000,-0.767764648438,0.000000000000
1.119023084641,-0.355492187500,-0.923728515625,-0.172799804688,1.763549804688,0.187131835937,0.739856445313,-0.783554687500,0.000000000000
1.129197120667,-0.361685546875,-0.920236328125,-0.176417968750,1.759344726562,0.194722656250,0.739649414062,-0.799977539063,0.000000000000
1.139364004135,-0.367982421875,-0.916634765625,-0.180180664062,1.755003906250,0.201914062500,0.739649414062,-0.815147460938,0.000000000000
1.149542093277,-0.374272460937,-0.913032226563,-0.183808593750,1.750655273438,0.209105468750,0.739649414062,-0.830731445312,0.000000000000
1.159716129303,-0.380466796875,-0.909328125000,-0.187417968750,1.746314453125,0.216078125000,0.739649414062,-0.846314453125,0.000000000000
1.169884204865,-0.386550781250,-0.905416992188,-0.191180664063,1.741821289062,0.222456054687,0.739649414062,-0.860452148437,0.000000000000
1.180058002472,-0.392539062500,-0.901513671875,-0.194798828125,1.737327148437,0.228614257812,0.739649414062,-0.875416015625,0.000000000000
1.190223217010,-0.398526367188,-0.897396484375,-0.198561523437,1.732842773438,0.234979492187,0.739856445313,-0.890586914063,0.000000000000
1.200398206711,-0.404412109375,-0.893280273438,-0.202324218750,1.728349609375,0.240931640625,0.739856445313,-0.905343750000,0.000000000000
1.210575103760,-0.410291015625,-0.889061523438,-0.206096679688,1.723855468750,0.247089843750,0.740062500000,-0.920720703125,0.000000000000
1.220749139786,-0.416072265625,-0.884841796875,-0.209994140625,1.719515625000,0.253054687500,0.740062500000,-0.936510742187,0.000000000000
1.230923175812,-0.421841796875,-0.880526367187,-0.214045898437,1.715021484375,0.259006835938,0.740062500000,-0.951900390625,0.000000000000
1.241098165512,-0.427521484375,-0.876101562500,-0.218097656250,1.710383789062,0.264545898437,0.740269531250,-0.968103515625,0.000000000000
1.251265048981,-0.433194335938,-0.871470703125,-0.222149414062,1.705745117187,0.269683593750,0.740475585937,-0.984113281250,0.000000000000
1.261444091797,-0.438873046875,-0.866942382813,-0.226344726562,1.700962890625,0.274822265625,0.740475585937,-1.000523437500,0.000000000000
1.271616220474,-0.444552734375,-0.862311523437,-0.230405273438,1.696333984375,0.279754882812,0.740682617187,-1.017772460938,0.000000000000
1.281793117523,-0.450019531250,-0.857583984375,-0.234448242187,1.691696289063,0.284879882812,0.740682617187,-1.033988281250,0.000000000000
1.291971206665,-0.455486328125,-0.852644531250,-0.238643554688,1.686914062500,0.290018554687,0.740682617187,-1.051017578125,0.000000000000
1.302134990692,-0.460850585938,-0.847705078125,-0.243127929687,1.682275390625,0.295364257812,0.740682617187,-1.068073242188,0.000000000000
1.312306165695,-0.466214843750,-0.842662109375,-0.247468750000,1.677493164062,0.300696289063,0.740682617187,-1.084496093750,0.000000000000
1.322490215302,-0.471585937500,-0.837832031250,-0.251961914063,1.672710937500,0.305421875000,0.740682617187,-1.101951171875,0.000000000000
1.332672119141,-0.476949218750,-0.832789062500,-0.256302734375,1.667928710938,0.310146484375,0.741095703125,-1.117741210938,0.000000000000
1.342845201492,-0.482313476563,-0.827740234375,-0.260642578125,1.663145507812,0.315079101563,0.741095703125,-1.133531250000,0.000000000000
1.353008031845,-0.487684570313,-0.822594726562,-0.265127929687,1.658363281250,0.320217773438,0.741095703125,-1.149322265625,0.000000000000
1.363179206848,-0.493048828125,-0.817346679687,-0.269458984375,1.653581054688,0.325356445313,0.741508789062,-1.164079101563,0.000000000000
1.373347997665,-0.498200195312,-0.812098632813,-0.274087890625,1.648798828125,0.330288085937,0.741715820313,-1.178617187500,0.000000000000
1.383522033691,-0.503358398437,-0.806856445313,-0.278725585938,1.644016601562,0.335414062500,0.742128906250,-1.192960937500,0.000000000000
1.393691062927,-0.508523437500,-0.801402343750,-0.283354492187,1.639089843750,0.340345703125,0.742541992188,-1.205833007812,0.000000000000
1.403854131699,-0.513681640625,-0.795948242188,-0.287983398437,1.634163085938,0.345484375000,0.743368164062,-1.218524414063,0.000000000000
1.414026021957,-0.518839843750,-0.790596679688,-0.292468750000,1.629379882812,0.350209960938,0.743781250000,-1.231616210937,0.000000000000
1.424198150635,-0.523998046875,-0.785246093750,-0.296953125000,1.624597656250,0.354934570312,0.744607421875,-1.243662109375,0.000000000000
1.434373140335,-0.529059570312,-0.779797851563,-0.301726562500,1.619815429688,0.359867187500,0.746053710937,-1.255500976563,0.000000000000
1.444550037384,-0.534005859375,-0.774137695312,-0.306355468750,1.614879882812,0.364592773438,0.746879882812,-1.267546875000,0.000000000000
1.454722166061,-0.538958007813,-0.768479492188,-0.311273437500,1.610097656250,0.369317382812,0.747913085938,-1.279386718750,0.000000000000
1.464909076691,-0.543911132813,-0.762921875000,-0.315902343750,1.605314453125,0.373629882812,0.749152343750,-1.290399414062,0.000000000000
1.475086212158,-0.548863281250,-0.757467773438,-0.320386718750,1.600676757813,0.377955078125,0.750598632813,-1.301206054687,0.000000000000
1.485262155533,-0.553815429687,-0.751807617187,-0.325015625000,1.596039062500,0.382473632813,0.752043945312,-1.312632812500,0.000000000000
1.495445013046,-0.558665039062,-0.746250976562,-0.329500976562,1.591256835937,0.386993164063,0.753490234375,-1.323838867188,0.000000000000
1.505772113800,-0.568254882813,-0.735040039063,-0.338903320312,1.582269531250,0.395423828125,0.756588867187,-1.345025390625,0.000000000000
1.515960216522,-0.573001953125,-0.729483398437,-0.343820312500,1.577630859375,0.399323242187,0.758448242187,-1.355845703125,0.000000000000
1.526127099991,-0.577749023438,-0.723925781250,-0.348450195312,1.572984375000,0.403234375000,0.760100585937,-1.366432617188,0.000000000000
1.536292076111,-0.582597656250,-0.718369140625,-0.353223632813,1.568345703125,0.407340820313,0.761752929687,-1.375986328125,0.000000000000
1.546462059021,-0.587344726563,-0.712915039062,-0.357708007813,1.563997070312,0.411446289063,0.763819335937,-1.385333984375,0.000000000000
1.556629180908,-0.592091796875,-0.707357421875,-0.362336914063,1.559647460937,0.415358398437,0.765677734375,-1.394474609375,0.000000000000
1.566802024841,-0.596837890625,-0.701793945312,-0.367254882813,1.555009765625,0.419463867188,0.767950195312,-1.404015625000,0.000000000000
1.576970100403,-0.601578125000,-0.696237304688,-0.372028320312,1.550660156250,0.423569335938,0.770016601562,-1.413570312500,0.000000000000
1.587134122849,-0.606325195312,-0.690885742187,-0.376657226563,1.546310546875,0.427481445312,0.772082031250,-1.422917968750,0.000000000000
1.597305059433,-0.611174804687,-0.685541015625,-0.381277343750,1.541961914063,0.431186523438,0.774560546875,-1.431851562500,0.000000000000
1.607472181320,-0.615920898437,-0.680292968750,-0.385761718750,1.537612304688,0.435085937500,0.777040039062,-1.441186523438,0.000000000000
1.617644071579,-0.620770507812,-0.674941406250,-0.390390625000,1.533253906250,0.438998046875,0.779725585937,-1.450534179687,0.000000000000
1.627825021744,-0.625517578125,-0.669693359375,-0.395028320313,1.529040039063,0.443103515625,0.782604492187,-1.459249023437,0.000000000000
1.637991189957,-0.630263671875,-0.664547851562,-0.399792968750,1.524979492187,0.447002929687,0.785496093750,-1.467563476563,0.000000000000
1.648164033890,-0.634901367188,-0.659299804688,-0.404566406250,1.520774414062,0.450915039063,0.788594726562,-1.475659179688,0.000000000000
1.658332109451,-0.639648437500,-0.654154296875,-0.409195312500,1.516569335938,0.455020507812,0.792106445312,-1.483973632812,0.000000000000
1.668507099152,-0.644498046875,-0.649111328125,-0.413679687500,1.512508789062,0.459345703125,0.795412109375,-1.492688476562,0.000000000000
1.678678035736,-0.649450195313,-0.644274414062,-0.418011718750,1.508448242188,0.463451171875,0.799130859375,-1.501209960938,0.000000000000
1.688846111298,-0.654299804688,-0.639438476562,-0.422496093750,1.504387695312,0.467776367187,0.803055664062,-1.509717773438,0.000000000000
1.699015140533,-0.659149414063,-0.634601562500,-0.426980468750,1.500327148438,0.472088867187,0.806980468750,-1.517813476562,0.000000000000
1.709184169769,-0.663992187500,-0.629662109375,-0.431753906250,1.496266601562,0.476607421875,0.810905273437,-1.525908203125,0.000000000000
1.719354152679,-0.668841796875,-0.624927734375,-0.436238281250,1.492350585937,0.480932617188,0.814817382813,-1.534209960937,0.000000000000
1.729531049728,-0.673794921875,-0.620194335937,-0.440425781250,1.488434570312,0.485245117188,0.818742187500,-1.542304687500,0.000000000000
1.739698171616,-0.678747070313,-0.615666015625,-0.444765625000,1.484518554687,0.489363281250,0.823080078125,-1.550193359375,0.000000000000
1.749868154526,-0.683699218750,-0.611035156250,-0.448961914063,1.480602539062,0.493675781250,0.827417968750,-1.557449218750,0.000000000000
1.760033130646,-0.688652343750,-0.606404296875,-0.453148437500,1.476685546875,0.498401367187,0.831549804687,-1.564924804687,0.000000000000
1.770189046860,-0.693597656250,-0.601979492188,-0.457344726563,1.472914062500,0.502933593750,0.835667968750,-1.572813476562,0.000000000000
1.780359029770,-0.698543945312,-0.597547851563,-0.461531250000,1.469287109375,0.507452148437,0.839799804688,-1.581115234375,0.000000000000
1.790533065796,-0.703496093750,-0.593123046875,-0.465727539062,1.465514648437,0.511777343750,0.844137695313,-1.589003906250,0.000000000000
1.800710201263,-0.708449218750,-0.588903320313,-0.469778320312,1.461896484375,0.516502929688,0.848062500000,-1.597098632813,0.000000000000
1.810888051987,-0.713503906250,-0.584581054687,-0.473685546875,1.458125000000,0.521021484375,0.852181640625,-1.604355468750,0.000000000000
1.821057081223,-0.718457031250,-0.580362304688,-0.477592773438,1.454497070312,0.525346679688,0.856519531250,-1.611843750000,0.000000000000
1.831231117249,-0.723505859375,-0.576246093750,-0.481346679688,1.450870117188,0.529659179687,0.860857421875,-1.619099609375,0.000000000000
1.841392993927,-0.728561523438,-0.572026367187,-0.485253906250,1.447242187500,0.534190429687,0.865182617188,-1.626368164063,0.000000000000
1.851560115814,-0.733513671875,-0.567910156250,-0.489152343750,1.443615234375,0.538916015625,0.869520507813,-1.633004882812,0.000000000000
1.861721038818,-0.738465820312,-0.563691406250,-0.492915039063,1.440131835937,0.543654296875,0.873652343750,-1.639434570312,0.000000000000
1.871879100800,-0.743418945312,-0.559677734375,-0.496524414062,1.436793945313,0.548172851562,0.877371093750,-1.645450195313,0.000000000000
1.882047176361,-0.748473632813,-0.555766601563,-0.500133789062,1.433463867187,0.552911132813,0.881489257812,-1.651260742188,0.000000000000
1.892209053040,-0.753522460937,-0.551958984375,-0.503607421875,1.430125000000,0.557636718750,0.885827148437,-1.657277343750,0.000000000000
1.902376174927,-0.758572265625,-0.548254882813,-0.506784179688,1.426930664062,0.562362304688,0.889958984375,-1.663707031250,0.000000000000
1.912532091141,-0.763730468750,-0.544447265625,-0.510113281250,1.423736328125,0.567306640625,0.894077148437,-1.670149414062,0.000000000000
1.922685146332,-0.768785156250,-0.540742187500,-0.513290039063,1.420551757812,0.572032226562,0.898416015625,-1.676579101563,0.000000000000
1.932848215103,-0.773943359375,-0.537038085938,-0.516610351563,1.417500976562,0.577183593750,0.902534179688,-1.682595703125,0.000000000000
1.943014144897,-0.778889648437,-0.533429687500,-0.519795898437,1.414306640625,0.582322265625,0.906458984375,-1.688185546875,0.000000000000
1.953169107437,-0.784047851563,-0.529827148438,-0.522835937500,1.411266601562,0.587667968750,0.910383789062,-1.693375976563,0.000000000000
1.963334083557,-0.789103515625,-0.526225585938,-0.525723632813,1.408216796875,0.593012695313,0.914089843750,-1.698566406250,0.000000000000
1.973493099213,-0.794159179688,-0.522726562500,-0.528620117188,1.405166015625,0.598577148437,0.917601562500,-1.704169921875,0.000000000000
1.983664989471,-0.799104492188,-0.519227539062,-0.531363281250,1.402125976563,0.604335937500,0.920906250000,-1.710186523437,0.000000000000
1.993841171265,-0.804256835937,-0.515934570313,-0.534106445312,1.399075195313,0.610093750000,0.924405273438,-1.716189453125,0.000000000000
2.004000186920,-0.809312500000,-0.512641601563,-0.536714843750,1.396169921875,0.615439453125,0.927916992188,-1.722413085937,0.000000000000
2.014172077179,-0.814367187500,-0.509554687500,-0.539313476562,1.393273437500,0.620796875000,0.931208984375,-1.728222656250,0.000000000000
2.024341106415,-0.819422851563,-0.506467773438,-0.541767578125,1.390223632812,0.626348632812,0.934101562500,-1.733826171875,0.000000000000
2.034516096115,-0.824581054687,-0.503476562500,-0.544375000000,1.387318359375,0.631707031250,0.936787109375,-1.739429687500,0.000000000000
2.044696092606,-0.829624023437,-0.500594726563,-0.546973632812,1.384566406250,0.637051757813,0.939265625000,-1.745226562500,0.000000000000
2.054860115051,-0.834678710938,-0.497816406250,-0.549573242188,1.381804687500,0.642397460938,0.941525390625,-1.751036132812,0.000000000000
2.065031051636,-0.839734375000,-0.494935546875,-0.552171875000,1.378908203125,0.647548828125,0.943384765625,-1.756432617187,0.000000000000
2.075208187103,-0.844790039063,-0.492156250000,-0.554779296875,1.376147460937,0.652687500000,0.945037109375,-1.761403320312,0.000000000000
2.085406064987,-0.849838867188,-0.489481445312,-0.557088867187,1.373394531250,0.657631835937,0.946276367187,-1.765767578125,0.000000000000
2.095631122589,-0.854887695312,-0.486805664062,-0.559399414063,1.370633789062,0.662370117188,0.947515625000,-1.769291992188,0.000000000000
2.105828046799,-0.864999023438,-0.481762695312,-0.563739257813,1.365264648437,0.671213867187,0.949155273437,-1.773436523438,0.000000000000
2.116043090820,-0.870047851562,-0.479286132812,-0.565905273437,1.362512695312,0.675539062500,0.949775390625,-1.774675781250,0.000000000000
2.126232147217,-0.875000000000,-0.476816406250,-0.567926757813,1.359751953125,0.679658203125,0.950601562500,-1.775502929688,0.000000000000
2.136404037476,-0.879946289063,-0.474450195312,-0.569947265625,1.357143554687,0.683570312500,0.950808593750,-1.776341796875,0.000000000000
2.146583080292,-0.884995117188,-0.472083007813,-0.571824218750,1.354670898437,0.687688476562,0.950808593750,-1.776961914062,0.000000000000
2.156762123108,-0.889947265625,-0.469819335938,-0.573709960938,1.352063476562,0.691394531250,0.951014648438,-1.777994140625,0.000000000000
2.166937112808,-0.894900390625,-0.467658203125,-0.575586914062,1.349447265625,0.695099609375,0.950808593750,-1.779453125000,0.000000000000
2.177113056183,-0.899845703125,-0.465497070312,-0.577319335937,1.346838867188,0.698391601563,0.950394531250,-1.781518554688,0.000000000000
2.187288045883,-0.904791992187,-0.463438476562,-0.579052734375,1.344366210938,0.701477539062,0.950394531250,-1.784010742187,0.000000000000
2.197463989258,-0.909847656250,-0.461380859375,-0.580640625000,1.341758789063,0.704563476562,0.950188476563,-1.787329101562,0.000000000000
2.207638025284,-0.914793945313,-0.459322265625,-0.582373046875,1.339286132813,0.707649414063,0.950188476563,-1.791060546875,0.000000000000
2.217816114426,-0.919848632812,-0.457264648437,-0.583969726563,1.336678710938,0.710541015625,0.950188476563,-1.794998046875,0.000000000000
2.227994203568,-0.924904296875,-0.455206054687,-0.585414062500,1.334206054688,0.713213867188,0.950394531250,-1.798935546875,0.000000000000
2.238172054291,-0.929947265625,-0.453147460938,-0.587001953125,1.331743164062,0.715679687500,0.950601562500,-1.802460937500,0.000000000000
2.248349189758,-0.935105468750,-0.451089843750,-0.588445312500,1.329279296875,0.718158203125,0.950601562500,-1.805572265625,0.000000000000
2.258532047272,-0.940256835937,-0.449031250000,-0.589889648438,1.326951171875,0.720417968750,0.950808593750,-1.808063476563,0.000000000000
2.268717050552,-0.945415039063,-0.446973632813,-0.591333007812,1.324632812500,0.722677734375,0.950808593750,-1.809303710938,0.000000000000
2.278891086578,-0.950573242187,-0.444812500000,-0.592786132813,1.322313476562,0.724536132812,0.951014648438,-1.809716796875,0.000000000000
2.289064168930,-0.955822265625,-0.442753906250,-0.594094726562,1.320129882813,0.726589843750,0.951221679688,-1.809716796875,0.000000000000
2.299239158630,-0.961185546875,-0.440586914063,-0.595393554687,1.317955078125,0.728448242188,0.951221679688,-1.809716796875,0.000000000000
2.309404134750,-0.966549804687,-0.438425781250,-0.596693359375,1.315924804688,0.730101562500,0.951634765625,-1.809716796875,0.000000000000
2.319573163986,-0.971908203125,-0.436264648438,-0.597847656250,1.313750000000,0.731947265625,0.951634765625,-1.809716796875,0.000000000000
2.329735040665,-0.977368164063,-0.434000000000,-0.599147460938,1.311710937500,0.733599609375,0.951634765625,-1.809716796875,0.000000000000
2.339890003204,-0.982732421875,-0.431736328125,-0.600302734375,1.309680664063,0.735033203125,0.952047851563,-1.809716796875,0.000000000000
2.350057125092,-0.988193359375,-0.429472656250,-0.601601562500,1.307650390625,0.736685546875,0.952253906250,-1.809716796875,0.000000000000
2.360220193863,-0.993660156250,-0.427105468750,-0.602756835937,1.305620117187,0.738131835937,0.952666992187,-1.809922851563,0.000000000000
2.370392084122,-0.999126953125,-0.424841796875,-0.603912109375,1.303734375000,0.739564453125,0.953080078125,-1.809922851563,0.000000000000
2.380565166473,-1.004581054688,-0.422577148437,-0.605076171875,1.301695312500,0.741010742187,0.953493164062,-1.809922851563,0.000000000000
2.390727996826,-1.010047851562,-0.420210937500,-0.606375000000,1.299808593750,0.742650390625,0.953907226563,-1.809922851563,0.000000000000
2.400891065598,-1.015611328125,-0.418049804688,-0.607530273437,1.298067382813,0.744096679688,0.954320312500,-1.809922851563,0.000000000000
2.411051988602,-1.021079101563,-0.415985351562,-0.608541015625,1.296470703125,0.745542968750,0.954733398438,-1.809716796875,0.000000000000
2.421233177185,-1.026745117187,-0.413926757812,-0.609695312500,1.294873046875,0.746975585938,0.955352539062,-1.809716796875,0.000000000000
2.431390047073,-1.032308593750,-0.411868164062,-0.610706054688,1.293285156250,0.748421875000,0.955972656250,-1.809716796875,0.000000000000
2.441556215286,-1.037775390625,-0.409907226563,-0.611861328125,1.291976562500,0.749868164063,0.956591796875,-1.809716796875,0.000000000000
2.451719045639,-1.043442382812,-0.408054687500,-0.613016601563,1.290667968750,0.751300781250,0.957199218750,-1.809716796875,0.000000000000
2.461885213852,-1.049005859375,-0.406202148438,-0.614171875000,1.289503906250,0.752747070312,0.958025390625,-1.809716796875,0.000000000000
2.472054004669,-1.054569335937,-0.404349609375,-0.615326171875,1.288349609375,0.753986328125,0.958851562500,-1.809716796875,0.000000000000
2.482221126556,-1.060242187500,-0.402497070312,-0.616490234375,1.287329101562,0.755419921875,0.959471679688,-1.809716796875,0.000000000000
2.492386102676,-1.065908203125,-0.400748046875,-0.617645507813,1.286166015625,0.756865234375,0.960090820313,-1.809716796875,0.000000000000
2.502550125122,-1.071575195312,-0.399101562500,-0.618656250000,1.285155273438,0.758518554687,0.960503906250,-1.809716796875,0.000000000000
2.512716054916,-1.077138671875,-0.397557617187,-0.619811523438,1.284135742187,0.759951171875,0.960916992188,-1.809716796875,0.000000000000
2.522880077362,-1.082811523437,-0.395911132813,-0.620821289063,1.283115234375,0.761810546875,0.961124023438,-1.809509765625,0.000000000000
2.533039093018,-1.088477539063,-0.394470703125,-0.621832031250,1.282105468750,0.763450195313,0.961124023438,-1.809509765625,0.000000000000
2.543206214905,-1.094143554688,-0.393030273438,-0.622842773438,1.280941406250,0.765309570313,0.961124023438,-1.809509765625,0.000000000000
2.553368091583,-1.099810546875,-0.391588867188,-0.623853515625,1.279930664062,0.767167968750,0.961124023438,-1.809509765625,0.000000000000
2.563532114029,-1.105483398438,-0.390148437500,-0.624719726562,1.278766601563,0.769221679687,0.961124023438,-1.809509765625,0.000000000000
2.573697090149,-1.111149414063,-0.388913085938,-0.625730468750,1.277602539063,0.771287109375,0.960916992188,-1.809509765625,0.000000000000
2.583859205246,-1.116816406250,-0.387576171875,-0.626596679687,1.276591796875,0.773546875000,0.960916992188,-1.809716796875,0.000000000000
2.594024181366,-1.122482421875,-0.386238281250,-0.627462890625,1.275427734375,0.775818359375,0.960710937500,-1.809716796875,0.000000000000
2.604186058044,-1.128045898437,-0.384900390625,-0.628482421875,1.274263671875,0.778078125000,0.960503906250,-1.809716796875,0.000000000000
2.614351034164,-1.133711914063,-0.383555664063,-0.629348632812,1.273099609375,0.780350585937,0.960503906250,-1.809716796875,0.000000000000
2.624515056610,-1.139378906250,-0.382321289063,-0.630359375000,1.272088867187,0.782610351563,0.960090820313,-1.809922851563,0.000000000000
2.634679079056,-1.145051757812,-0.381085937500,-0.631225585938,1.271069335938,0.784675781250,0.959677734375,-1.809922851563,0.000000000000
2.644844055176,-1.150615234375,-0.379954101562,-0.632091796875,1.270058593750,0.786728515625,0.959471679688,-1.809922851563,0.000000000000
2.655003070831,-1.156275390625,-0.378822265625,-0.632958007813,1.269039062500,0.788587890625,0.959058593750,-1.810129882813,0.000000000000
2.665162086487,-1.161844726563,-0.377792968750,-0.633824218750,1.267875000000,0.790640625000,0.958645507813,-1.810129882813,0.000000000000
2.675346136093,-1.167408203125,-0.376867187500,-0.634545898437,1.266864257813,0.792292968750,0.958231445313,-1.810129882813,0.000000000000
2.685772180557,-1.178425781250,-0.375014648437,-0.636278320312,1.264978515625,0.795171875000,0.957405273438,-1.810129882813,0.000000000000
2.695944070816,-1.183893554688,-0.374293945312,-0.637000976562,1.264103515625,0.796205078125,0.956992187500,-1.810129882813,0.000000000000
2.706103086472,-1.189250976562,-0.373574218750,-0.637722656250,1.263237304688,0.796825195312,0.956385742188,-1.810335937500,0.000000000000
2.716259002686,-1.194608398437,-0.372956054687,-0.638444335938,1.262361328125,0.797238281250,0.955972656250,-1.810335937500,0.000000000000
2.726411104202,-1.199959960938,-0.372441406250,-0.639166015625,1.261639648438,0.797238281250,0.955352539062,-1.810335937500,0.000000000000
2.736568212509,-1.205214843750,-0.372030273438,-0.639744140625,1.260764648437,0.797031250000,0.954939453125,-1.810335937500,0.000000000000
2.746726036072,-1.210469726562,-0.371721679687,-0.640321289062,1.260187500000,0.796618164062,0.954733398438,-1.810335937500,0.000000000000
2.756880044937,-1.215621093750,-0.371413085937,-0.640898437500,1.259600585937,0.796205078125,0.954526367187,-1.810335937500,0.000000000000
2.767041206360,-1.220766601563,-0.371207031250,-0.641485351562,1.259166992187,0.795791992187,0.954526367187,-1.810335937500,0.000000000000
2.777206182480,-1.225822265625,-0.371103515625,-0.641917968750,1.258734375000,0.794965820312,0.954526367187,-1.810335937500,0.000000000000
2.787369012833,-1.230871093750,-0.371000976562,-0.642496093750,1.258445312500,0.793945312500,0.954320312500,-1.810335937500,0.000000000000
2.797536134720,-1.235817382813,-0.371000976562,-0.642928710938,1.258300781250,0.792913085937,0.954526367187,-1.810335937500,0.000000000000
2.807704210281,-1.240756835938,-0.371000976562,-0.643506835938,1.258147460938,0.791466796875,0.954526367187,-1.810335937500,0.000000000000
2.817867994308,-1.245805664062,-0.371000976562,-0.643939453125,1.258147460938,0.790227539062,0.954733398438,-1.810335937500,0.000000000000
2.828034162521,-1.250642578125,-0.371103515625,-0.644517578125,1.258300781250,0.788587890625,0.954733398438,-1.810335937500,0.000000000000
2.838200092316,-1.255587890625,-0.371103515625,-0.645239257813,1.258300781250,0.786728515625,0.954733398438,-1.810335937500,0.000000000000
2.848365068436,-1.260431640625,-0.371103515625,-0.645816406250,1.258300781250,0.785088867188,0.954733398438,-1.810335937500,0.000000000000
2.858529090881,-1.265268554687,-0.371103515625,-0.646538085937,1.258300781250,0.783023437500,0.954526367187,-1.810335937500,0.000000000000
2.868692159653,-1.270111328125,-0.371103515625,-0.647116210938,1.258300781250,0.780957031250,0.954320312500,-1.810335937500,0.000000000000
2.878856182098,-1.274954101563,-0.371103515625,-0.647837890625,1.258147460938,0.778698242187,0.954320312500,-1.810335937500,0.000000000000
2.889020204544,-1.279694335937,-0.371103515625,-0.648559570312,1.258003906250,0.776025390625,0.954113281250,-1.810335937500,0.000000000000
2.899180173874,-1.284531250000,-0.371103515625,-0.649281250000,1.258003906250,0.773546875000,0.954113281250,-1.810335937500,0.000000000000
2.909344196320,-1.289168945312,-0.371103515625,-0.650002929687,1.258003906250,0.770666992188,0.953907226563,-1.810335937500,0.000000000000
2.919528007507,-1.293902343750,-0.371103515625,-0.650725585937,1.258003906250,0.767582031250,0.953907226563,-1.810335937500,0.000000000000
2.929708003998,-1.298540039062,-0.371207031250,-0.651447265625,1.258003906250,0.764483398438,0.953700195313,-1.810335937500,0.000000000000
2.939877033234,-1.303074218750,-0.371207031250,-0.652168945313,1.258003906250,0.761397460938,0.953493164062,-1.810129882813,0.000000000000
2.950042009354,-1.307705078125,-0.371207031250,-0.652890625000,1.258003906250,0.758104492187,0.953287109375,-1.810129882813,0.000000000000
2.960209131241,-1.312239257812,-0.371207031250,-0.653612304687,1.258003906250,0.755212890625,0.952874023438,-1.810129882813,0.000000000000
2.970374107361,-1.316767578125,-0.371103515625,-0.654190429687,1.258003906250,0.752126953125,0.952047851563,-1.810129882813,0.000000000000
2.980542182922,-1.321301757812,-0.371103515625,-0.654920898438,1.258003906250,0.749248046875,0.951427734375,-1.810129882813,0.000000000000
2.990706205368,-1.325830078125,-0.371103515625,-0.655499023437,1.258003906250,0.746769531250,0.950808593750,-1.810129882813,0.000000000000
3.000868082047,-1.330261718750,-0.371103515625,-0.656220703125,1.258003906250,0.744302734375,0.949981445312,-1.810129882813,0.000000000000
3.011034011841,-1.334789062500,-0.371207031250,-0.656797851563,1.258147460938,0.742043945312,0.949362304688,-1.810129882813,0.000000000000
3.021200180054,-1.339220703125,-0.371207031250,-0.657519531250,1.258147460938,0.739977539062,0.948536132813,-1.810129882813,0.000000000000
3.031364202499,-1.343754882813,-0.371207031250,-0.658242187500,1.258147460938,0.738131835937,0.947928710937,-1.810129882813,0.000000000000
3.041529178619,-1.348173828125,-0.371207031250,-0.658819335937,1.258147460938,0.736479492187,0.947102539062,-1.810129882813,0.000000000000
3.051693201065,-1.352708007813,-0.371207031250,-0.659541015625,1.258147460938,0.734826171875,0.946276367187,-1.810129882813,0.000000000000
3.061859130859,-1.357242187500,-0.371207031250,-0.660407226562,1.258147460938,0.733393554688,0.945450195312,-1.810129882813,0.000000000000
3.072027206421,-1.361770507812,-0.371207031250,-0.661128906250,1.258147460938,0.732154296875,0.944624023437,-1.810129882813,0.000000000000
3.082202196121,-1.366298828125,-0.371309570313,-0.661995117188,1.258147460938,0.730914062500,0.944003906250,-1.810129882813,0.000000000000
3.092372179031,-1.370730468750,-0.371309570313,-0.662861328125,1.258147460938,0.729894531250,0.943384765625,-1.810129882813,0.000000000000
3.102534055710,-1.375257812500,-0.371309570313,-0.663728515625,1.258300781250,0.728861328125,0.942970703125,-1.810129882813,0.000000000000
3.112700223923,-1.379791992187,-0.371413085937,-0.664738281250,1.258300781250,0.727829101563,0.942351562500,-1.810335937500,0.000000000000
3.122865200043,-1.384327148437,-0.371413085937,-0.665893554688,1.258300781250,0.726795898438,0.941938476562,-1.810335937500,0.000000000000
3.133026123047,-1.388848632813,-0.371413085937,-0.666904296875,1.258300781250,0.725776367188,0.941525390625,-1.810335937500,0.000000000000
3.143191099167,-1.393382812500,-0.371413085937,-0.668059570312,1.258300781250,0.724536132812,0.941525390625,-1.810335937500,0.000000000000
3.153359174728,-1.397911132813,-0.371413085937,-0.669070312500,1.258300781250,0.723296875000,0.941525390625,-1.810335937500,0.000000000000
3.163525104523,-1.402547851563,-0.371413085937,-0.670089843750,1.258300781250,0.722070312500,0.941731445312,-1.810335937500,0.000000000000
3.173690080643,-1.407069335937,-0.371413085937,-0.671100585937,1.258445312500,0.720624023437,0.941938476562,-1.810335937500,0.000000000000
3.183866024017,-1.411707031250,-0.371309570313,-0.672254882813,1.258445312500,0.718971679687,0.941938476562,-1.810335937500,0.000000000000
3.194033145905,-1.416344726562,-0.371309570313,-0.673121093750,1.258589843750,0.717332031250,0.941938476562,-1.810335937500,0.000000000000
3.204197168350,-1.420975585937,-0.371309570313,-0.674131835938,1.258589843750,0.715266601562,0.941938476562,-1.810335937500,0.000000000000
3.214364051819,-1.425612304687,-0.371207031250,-0.674853515625,1.258589843750,0.713213867188,0.941731445312,-1.810335937500,0.000000000000
3.224529027939,-1.430237304688,-0.371207031250,-0.675719726563,1.258589843750,0.710941406250,0.941731445312,-1.810335937500,0.000000000000
3.234690189362,-1.434874023437,-0.371103515625,-0.676297851562,1.258589843750,0.708681640625,0.941731445312,-1.810335937500,0.000000000000
3.244858026505,-1.439504882813,-0.371000976562,-0.676875000000,1.258734375000,0.706422851562,0.941731445312,-1.810335937500,0.000000000000
3.255036115646,-1.444245117187,-0.370898437500,-0.677308593750,1.258734375000,0.704356445312,0.941731445312,-1.810335937500,0.000000000000
3.265208005905,-1.448972656250,-0.370898437500,-0.677596679688,1.258734375000,0.702097656250,0.941731445312,-1.810335937500,0.000000000000
3.275386095047,-1.453712890625,-0.370794921875,-0.677885742187,1.258734375000,0.700031250000,0.941731445312,-1.810129882813,0.000000000000
3.285760164261,-1.463392578125,-0.370589843750,-0.678030273437,1.258734375000,0.696326171875,0.941525390625,-1.810129882813,0.000000000000
3.295930147171,-1.468222656250,-0.370486328125,-0.678030273437,1.258734375000,0.694686523438,0.941318359375,-1.810129882813,0.000000000000
3.306098222733,-1.473168945313,-0.370383789063,-0.678030273437,1.258734375000,0.693447265625,0.941318359375,-1.810129882813,0.000000000000
3.316264152527,-1.478108398438,-0.370280273437,-0.677885742187,1.258589843750,0.692414062500,0.941318359375,-1.810129882813,0.000000000000
3.326430082321,-1.483158203125,-0.370177734375,-0.677885742187,1.258589843750,0.691807617187,0.941318359375,-1.809922851563,0.000000000000
3.336593151093,-1.488097656250,-0.370177734375,-0.677885742187,1.258589843750,0.691600585937,0.941318359375,-1.809922851563,0.000000000000
3.346758127213,-1.493042968750,-0.370075195312,-0.677885742187,1.258589843750,0.691394531250,0.941318359375,-1.809922851563,0.000000000000
3.356923103333,-1.498085937500,-0.370075195312,-0.677885742187,1.258445312500,0.691394531250,0.941112304687,-1.809922851563,0.000000000000
3.367087125778,-1.503025390625,-0.370075195312,-0.677885742187,1.258589843750,0.690981445313,0.940699218750,-1.809922851563,0.000000000000
3.377252101898,-1.507971679688,-0.370075195312,-0.677885742187,1.258589843750,0.690774414062,0.940492187500,-1.809716796875,0.000000000000
3.387414216995,-1.512801757812,-0.369971679687,-0.677885742187,1.258878906250,0.690567382812,0.940286132812,-1.809716796875,0.000000000000
3.397579193115,-1.517638671875,-0.369766601563,-0.677885742187,1.259166992187,0.690361328125,0.940079101562,-1.809509765625,0.000000000000
3.407745122910,-1.522481445312,-0.369354492187,-0.677885742187,1.259456054687,0.690361328125,0.939885742187,-1.809509765625,0.000000000000
3.417906999588,-1.527420898437,-0.369045898438,-0.677741210937,1.259745117188,0.690567382812,0.939678710937,-1.809509765625,0.000000000000
3.428072214127,-1.532354492188,-0.368531250000,-0.677596679688,1.260187500000,0.690774414062,0.939472656250,-1.809716796875,0.000000000000
3.438235044479,-1.537403320312,-0.368016601562,-0.677596679688,1.260475585938,0.691187500000,0.939265625000,-1.809716796875,0.000000000000
3.448398113251,-1.542240234375,-0.367399414062,-0.677741210937,1.260620117188,0.691600585937,0.939059570312,-1.809716796875,0.000000000000
3.458564043045,-1.547179687500,-0.366782226562,-0.677741210937,1.260909179688,0.692000976563,0.938852539062,-1.809922851563,0.000000000000
3.468727111816,-1.552119140625,-0.366164062500,-0.677596679688,1.261053710937,0.692621093750,0.938646484375,-1.809922851563,0.000000000000
3.478900194168,-1.557058593750,-0.365546875000,-0.677596679688,1.261341796875,0.693653320313,0.938439453125,-1.809922851563,0.000000000000
3.489067077637,-1.561895507813,-0.364826171875,-0.677596679688,1.261486328125,0.694479492188,0.938026367187,-1.810129882813,0.000000000000
3.499230146408,-1.566629882813,-0.364106445313,-0.677596679688,1.261639648438,0.695512695313,0.937613281250,-1.810129882813,0.000000000000
3.509392023087,-1.571465820313,-0.363283203125,-0.677596679688,1.261639648438,0.696532226563,0.937200195312,-1.810335937500,0.000000000000
3.519556999207,-1.576200195312,-0.362356445312,-0.677596679688,1.261639648438,0.697359375000,0.936580078125,-1.810335937500,0.000000000000
3.529721021652,-1.580933593750,-0.361533203125,-0.677596679688,1.261639648438,0.698598632813,0.935753906250,-1.810335937500,0.000000000000
3.539885044098,-1.585667968750,-0.360503906250,-0.677453125000,1.261486328125,0.699618164062,0.934720703125,-1.810542968750,0.000000000000
3.550050020218,-1.590298828125,-0.359571289063,-0.677453125000,1.261486328125,0.700651367187,0.933688476562,-1.810542968750,0.000000000000
3.560214996338,-1.594826171875,-0.358542968750,-0.677453125000,1.261639648438,0.701890625000,0.932449218750,-1.810542968750,0.000000000000
3.570388078690,-1.599251953125,-0.357411132812,-0.677453125000,1.261639648438,0.702716796875,0.930808593750,-1.810542968750,0.000000000000
3.580557107925,-1.603676757812,-0.356381835938,-0.677596679688,1.261639648438,0.703530273437,0.929363281250,-1.810542968750,0.000000000000
3.590722084045,-1.608101562500,-0.355146484375,-0.677453125000,1.261639648438,0.704356445312,0.927503906250,-1.810542968750,0.000000000000
3.600886106491,-1.612314453125,-0.354014648438,-0.677453125000,1.261639648438,0.705182617187,0.925644531250,-1.810542968750,0.000000000000
3.611056089401,-1.616636718750,-0.352779296875,-0.677453125000,1.261639648438,0.705802734375,0.923372070313,-1.810542968750,0.000000000000
3.621221065521,-1.620759765625,-0.351442382813,-0.677453125000,1.261639648438,0.706628906250,0.921319335938,-1.810749023438,0.000000000000
3.631389141083,-1.624875976563,-0.350207031250,-0.677453125000,1.261486328125,0.707236328125,0.919046875000,-1.810749023438,0.000000000000
3.641554117203,-1.628889648437,-0.348766601563,-0.677453125000,1.261486328125,0.707855468750,0.916981445313,-1.810749023438,0.000000000000
3.651719093323,-1.632896484375,-0.347428710937,-0.677453125000,1.261486328125,0.708475585938,0.914708984375,-1.810749023438,0.000000000000
3.661884069443,-1.636806640625,-0.346090820312,-0.677453125000,1.261486328125,0.708681640625,0.912436523438,-1.810749023438,0.000000000000
3.672074079514,-1.640614257813,-0.344752929687,-0.677453125000,1.261639648438,0.708888671875,0.910177734375,-1.810749023438,0.000000000000
3.682254076004,-1.644421875000,-0.343312500000,-0.677308593750,1.261639648438,0.708888671875,0.907698242187,-1.810749023438,0.000000000000
3.692426204681,-1.648126953125,-0.341768554688,-0.677308593750,1.261639648438,0.709094726563,0.905425781250,-1.810749023438,0.000000000000
3.702589988708,-1.651728515625,-0.340122070313,-0.677308593750,1.261486328125,0.709301757813,0.902947265625,-1.810749023438,0.000000000000
3.712759017944,-1.655220703125,-0.338475585937,-0.677308593750,1.261486328125,0.709507812500,0.900481445312,-1.810749023438,0.000000000000
3.722937107086,-1.658719726562,-0.336719726562,-0.677308593750,1.261341796875,0.709920898437,0.898208984375,-1.810749023438,0.000000000000
3.733110189438,-1.662116210938,-0.334963867187,-0.677308593750,1.261341796875,0.710127929688,0.895936523437,-1.810749023438,0.000000000000
3.743282079697,-1.665305664062,-0.333111328125,-0.677308593750,1.261341796875,0.710334960938,0.893664062500,-1.810749023438,0.000000000000
3.753453016281,-1.668496093750,-0.331258789063,-0.677308593750,1.261486328125,0.710748046875,0.891598632812,-1.810542968750,0.000000000000
3.763627052307,-1.671686523438,-0.329406250000,-0.677308593750,1.261639648438,0.711147460938,0.889751953125,-1.810542968750,0.000000000000
3.773806095123,-1.674767578125,-0.327451171875,-0.677308593750,1.261928710937,0.711354492188,0.887893554687,-1.810542968750,0.000000000000
3.783980131149,-1.677854492188,-0.325496093750,-0.677308593750,1.262073242188,0.711767578125,0.886240234375,-1.810542968750,0.000000000000
3.794154167175,-1.680941406250,-0.323541015625,-0.677453125000,1.262217773437,0.712180664063,0.884587890625,-1.810335937500,0.000000000000
3.804326057434,-1.684029296875,-0.321585937500,-0.677453125000,1.262361328125,0.712593750000,0.883141601562,-1.810335937500,0.000000000000
3.814496994019,-1.687013671875,-0.319629882812,-0.677453125000,1.262650390625,0.713006835938,0.881902343750,-1.810129882813,0.000000000000
3.824670076370,-1.689998046875,-0.317572265625,-0.677453125000,1.262794921875,0.713833007813,0.880663085937,-1.810129882813,0.000000000000
3.834838151932,-1.692878906250,-0.315610351563,-0.677453125000,1.263237304688,0.714646484375,0.879836914062,-1.810129882813,0.000000000000
3.845009088516,-1.695857421875,-0.313655273437,-0.677308593750,1.263525390625,0.715679687500,0.879216796875,-1.810129882813,0.000000000000
3.855182170868,-1.698738281250,-0.311596679687,-0.677308593750,1.263958984375,0.716712890625,0.878803710937,-1.810129882813,0.000000000000
3.865359067917,-1.701620117188,-0.309435546875,-0.677308593750,1.264248046875,0.717952148437,0.878390625000,-1.809922851563,0.000000000000
3.875739097595,-1.707176757812,-0.305114257813,-0.677453125000,1.264978515625,0.721038085937,0.878183593750,-1.809922851563,0.000000000000
3.885933160782,-1.709955078125,-0.302953125000,-0.677453125000,1.265412109375,0.722677734375,0.877990234375,-1.809922851563,0.000000000000
3.896105051041,-1.712630859375,-0.300688476562,-0.677453125000,1.265700195312,0.724536132812,0.877990234375,-1.809922851563,0.000000000000
3.906273126602,-1.715299804688,-0.298315429688,-0.677453125000,1.266133789062,0.726795898438,0.877784179687,-1.809922851563,0.000000000000
3.916460990906,-1.717975585938,-0.296051757812,-0.677453125000,1.266421875000,0.729274414063,0.877577148438,-1.809922851563,0.000000000000
3.926638126373,-1.720651367187,-0.293684570313,-0.677453125000,1.266864257813,0.731741210937,0.877577148438,-1.809922851563,0.000000000000
3.936805009842,-1.723327148437,-0.291317382813,-0.677453125000,1.267153320313,0.734620117187,0.877784179687,-1.810129882813,0.000000000000
3.946974992752,-1.725899414062,-0.288951171875,-0.677308593750,1.267442382813,0.737718750000,0.877784179687,-1.810129882813,0.000000000000
3.957143068314,-1.728465820313,-0.286583984375,-0.677308593750,1.267730468750,0.741010742187,0.877784179687,-1.810129882813,0.000000000000
3.967313051224,-1.731039062500,-0.284114257812,-0.677164062500,1.267875000000,0.744302734375,0.877577148438,-1.810129882813,0.000000000000
3.977483034134,-1.733405273438,-0.281644531250,-0.677164062500,1.268172851562,0.748008789063,0.877577148438,-1.810129882813,0.000000000000
3.987647056580,-1.735766601562,-0.279065429687,-0.677164062500,1.268461914062,0.751713867187,0.877371093750,-1.810335937500,0.000000000000
3.997812032700,-1.737927734375,-0.276595703125,-0.677164062500,1.268750000000,0.755419921875,0.877371093750,-1.810335937500,0.000000000000
4.007981061935,-1.740087890625,-0.274125000000,-0.677164062500,1.269183593750,0.759137695312,0.877371093750,-1.810335937500,0.000000000000
4.018156051636,-1.742146484375,-0.271758789063,-0.677019531250,1.269760742187,0.763049804688,0.877371093750,-1.810335937500,0.000000000000
4.028325080872,-1.744101562500,-0.269289062500,-0.677019531250,1.270203125000,0.766754882813,0.877577148438,-1.810335937500,0.000000000000
4.038491010666,-1.746056640625,-0.266715820313,-0.677164062500,1.270780273437,0.770666992188,0.877371093750,-1.810335937500,0.000000000000
4.048655033112,-1.747806640625,-0.264246093750,-0.677308593750,1.271511718750,0.774373046875,0.876958007812,-1.810335937500,0.000000000000
4.058822154999,-1.749659179688,-0.261564453125,-0.677453125000,1.272377929687,0.778078125000,0.876543945313,-1.810542968750,0.000000000000
4.068987131119,-1.751305664062,-0.258888671875,-0.677453125000,1.273252929687,0.781783203125,0.875717773438,-1.810542968750,0.000000000000
4.079152107239,-1.753054687500,-0.256309570313,-0.677453125000,1.274263671875,0.785489257813,0.874478515625,-1.810542968750,0.000000000000
4.089318037033,-1.754701171875,-0.253633789063,-0.677453125000,1.275283203125,0.789207031250,0.873239257813,-1.810542968750,0.000000000000
4.099481105804,-1.756341796875,-0.250958007812,-0.677308593750,1.276438476563,0.793119140625,0.872000000000,-1.810542968750,0.000000000000
4.109645128250,-1.757878906250,-0.248282226563,-0.677164062500,1.277458007812,0.796825195312,0.870553710938,-1.810542968750,0.000000000000
4.119832992554,-1.759421875000,-0.245600585938,-0.677019531250,1.278622070312,0.800943359375,0.869107421875,-1.810542968750,0.000000000000
4.130008220673,-1.760863281250,-0.242924804687,-0.677019531250,1.279777343750,0.805062500000,0.867248046875,-1.810749023438,0.000000000000
4.140175104141,-1.762201171875,-0.240249023437,-0.677019531250,1.280941406250,0.809180664062,0.865182617188,-1.810749023438,0.000000000000
4.150338172913,-1.763435546875,-0.237470703125,-0.677019531250,1.282105468750,0.813711914062,0.863129882813,-1.810749023438,0.000000000000
4.160504102707,-1.764567382812,-0.234898437500,-0.677019531250,1.283268554688,0.818050781250,0.860857421875,-1.810968750000,0.000000000000
4.170675992966,-1.765596679688,-0.232222656250,-0.677019531250,1.284423828125,0.822375976563,0.858584960938,-1.810968750000,0.000000000000
4.180844068527,-1.766523437500,-0.229746093750,-0.677019531250,1.285587890625,0.826701171875,0.856106445313,-1.810968750000,0.000000000000
4.191008090973,-1.767449218750,-0.227173828125,-0.676875000000,1.286751953125,0.831012695312,0.853627929688,-1.810968750000,0.000000000000
4.201173067093,-1.768272460938,-0.224806640625,-0.676730468750,1.288051757812,0.835544921875,0.851148437500,-1.810968750000,0.000000000000
4.211337089539,-1.768889648438,-0.222542968750,-0.676585937500,1.289359375000,0.840076171875,0.848888671875,-1.810968750000,0.000000000000
4.221505165100,-1.769507812500,-0.220278320312,-0.676442382813,1.290523437500,0.844401367188,0.846823242188,-1.811175781250,0.000000000000
4.231667995453,-1.769918945312,-0.218117187500,-0.676442382813,1.291832031250,0.848933593750,0.844757812500,-1.811175781250,0.000000000000
4.241830110550,-1.770227539062,-0.215950195313,-0.676297851562,1.293131835937,0.853478515625,0.842692382813,-1.811175781250,0.000000000000
4.251983165741,-1.770433593750,-0.213789062500,-0.676297851562,1.294583984375,0.858216796875,0.840833007813,-1.811175781250,0.000000000000
4.262145042419,-1.770536132812,-0.211833984375,-0.676297851562,1.296037109375,0.862955078125,0.838973632813,-1.811175781250,0.000000000000
4.272313117981,-1.770639648437,-0.209877929687,-0.676297851562,1.297490234375,0.867899414063,0.837321289063,-1.810968750000,0.000000000000
4.282481193542,-1.770536132812,-0.207922851563,-0.676297851562,1.298942382812,0.872431640625,0.835667968750,-1.810968750000,0.000000000000
4.292640209198,-1.770536132812,-0.206070312500,-0.676153320312,1.300684570313,0.877583007812,0.834222656250,-1.810968750000,0.000000000000
4.302790164948,-1.770433593750,-0.204321289062,-0.676153320312,1.302281250000,0.882321289062,0.832982421875,-1.810968750000,0.000000000000
4.312941074371,-1.770331054687,-0.202674804687,-0.676297851562,1.303878906250,0.887279296875,0.831962890625,-1.810968750000,0.000000000000
4.323100090027,-1.770227539062,-0.201125000000,-0.676297851562,1.305475585938,0.892223632812,0.831136718750,-1.810968750000,0.000000000000
4.333250999451,-1.770227539062,-0.199787109375,-0.676297851562,1.307216796875,0.896961914063,0.830310546875,-1.810968750000,0.000000000000
4.343398094177,-1.770125000000,-0.198449218750,-0.676297851562,1.308814453125,0.901494140625,0.829690429687,-1.811175781250,0.000000000000
4.353545188904,-1.770125000000,-0.197213867188,-0.676297851562,1.310555664063,0.905819335937,0.829277343750,-1.811175781250,0.000000000000
4.363695144653,-1.770021484375,-0.196082031250,-0.676297851562,1.312153320312,0.910157226562,0.829071289063,-1.811175781250,0.000000000000
4.373853206635,-1.770021484375,-0.195052734375,-0.676297851562,1.313894531250,0.914069335937,0.828657226562,-1.811175781250,0.000000000000
4.384008169174,-1.770021484375,-0.194126953125,-0.676297851562,1.315635742188,0.917787109375,0.828451171875,-1.811175781250,0.000000000000
4.394155025482,-1.769918945312,-0.193201171875,-0.676297851562,1.317377929687,0.921286132813,0.828038085937,-1.811175781250,0.000000000000
4.404303073883,-1.769816406250,-0.192480468750,-0.676297851562,1.318974609375,0.924384765625,0.827831054687,-1.811175781250,0.000000000000
4.414449214935,-1.769712890625,-0.191863281250,-0.676297851562,1.320860351562,0.927057617188,0.827625000000,-1.811175781250,0.000000000000
4.424607992172,-1.769610351562,-0.191348632813,-0.676297851562,1.322458007812,0.929330078125,0.827625000000,-1.811175781250,0.000000000000
4.434761047363,-1.769507812500,-0.190936523438,-0.676153320312,1.324199218750,0.931189453125,0.827417968750,-1.811381835938,0.000000000000
4.444911003113,-1.769404296875,-0.190627929688,-0.676153320312,1.325796875000,0.932622070312,0.827211914063,-1.811381835938,0.000000000000
4.455059051514,-1.769301757813,-0.190525390625,-0.676008789062,1.327538085937,0.933861328125,0.826798828125,-1.811381835938,0.000000000000
4.465207099915,-1.769198242188,-0.190525390625,-0.675864257813,1.329279296875,0.934687500000,0.826591796875,-1.811381835938,0.000000000000
4.475367069244,-1.768993164063,-0.190525390625,-0.675864257813,1.330876953125,0.935307617187,0.826178710937,-1.811381835938,0.000000000000
4.485889196396,-1.768581054688,-0.190833984375,-0.675719726563,1.334359375000,0.935927734375,0.825558593750,-1.811381835938,0.000000000000
4.496043205261,-1.768272460938,-0.191142578125,-0.675719726563,1.336101562500,0.935927734375,0.825145507812,-1.811381835938,0.000000000000
4.506194114685,-1.768066406250,-0.191553710938,-0.675576171875,1.337987304687,0.935927734375,0.824732421875,-1.811381835938,0.000000000000
4.516352176666,-1.767655273437,-0.191965820313,-0.675576171875,1.339873046875,0.935927734375,0.824526367188,-1.811381835938,0.000000000000
4.526504993439,-1.767346679687,-0.192480468750,-0.675431640625,1.341758789063,0.935927734375,0.824319335937,-1.811381835938,0.000000000000
4.536653041840,-1.767037109375,-0.192995117188,-0.675431640625,1.343644531250,0.935720703125,0.824113281250,-1.811381835938,0.000000000000
4.546802997589,-1.766625976563,-0.193714843750,-0.675287109375,1.345674804688,0.935927734375,0.823906250000,-1.811381835938,0.000000000000
4.556955099106,-1.766111328125,-0.194333007813,-0.675287109375,1.347705078125,0.936133789062,0.823700195313,-1.811381835938,0.000000000000
4.567109107971,-1.765700195312,-0.195052734375,-0.675287109375,1.349590820312,0.936133789062,0.823493164062,-1.811381835938,0.000000000000
4.577264070511,-1.765185546875,-0.195773437500,-0.675142578125,1.351621093750,0.936340820312,0.823287109375,-1.811381835938,0.000000000000
4.587412118912,-1.764670898437,-0.196596679687,-0.675142578125,1.353661132812,0.936753906250,0.822874023438,-1.811381835938,0.000000000000
4.597562074661,-1.764156250000,-0.197419921875,-0.674998046875,1.355691406250,0.936959960938,0.822460937500,-1.811381835938,0.000000000000
4.607720136642,-1.763744140625,-0.198243164063,-0.674853515625,1.357721679688,0.937373046875,0.821840820313,-1.811381835938,0.000000000000
4.617873191833,-1.763229492188,-0.198963867188,-0.674565429687,1.359607421875,0.937993164062,0.821220703125,-1.811381835938,0.000000000000
4.628031015396,-1.762715820312,-0.199787109375,-0.674420898437,1.361637695313,0.938819335937,0.820188476563,-1.811381835938,0.000000000000
4.638179063797,-1.762201171875,-0.200610351563,-0.674131835938,1.363378906250,0.939632812500,0.819155273438,-1.811381835938,0.000000000000
4.648330211639,-1.761686523438,-0.201330078125,-0.673987304688,1.365120117188,0.940458984375,0.818122070312,-1.811588867188,0.000000000000
4.658490180969,-1.761171875000,-0.202057617188,-0.673554687500,1.366862304687,0.941492187500,0.816882812500,-1.811588867188,0.000000000000
4.668642997742,-1.760657226563,-0.202777343750,-0.672976562500,1.368603515625,0.942524414062,0.815849609375,-1.811588867188,0.000000000000
4.678796052933,-1.760245117187,-0.203498046875,-0.672399414063,1.370056640625,0.943351562500,0.814610351562,-1.811588867188,0.000000000000
4.688959121704,-1.759731445312,-0.204218750000,-0.671677734375,1.371653320313,0.944796875000,0.813371093750,-1.811588867188,0.000000000000
4.699115037918,-1.759216796875,-0.204835937500,-0.670956054687,1.373106445312,0.946243164062,0.811924804687,-1.811588867188,0.000000000000
4.709269046783,-1.758702148438,-0.205453125000,-0.670089843750,1.374549804687,0.947676757813,0.810492187500,-1.811588867188,0.000000000000
4.719422101974,-1.758187500000,-0.205865234375,-0.669213867187,1.375858398437,0.949329101563,0.809045898437,-1.811588867188,0.000000000000
4.729578018188,-1.757672851562,-0.206276367188,-0.668347656250,1.377022460937,0.951394531250,0.807186523437,-1.811588867188,0.000000000000
4.739735126495,-1.757267578125,-0.206584960938,-0.667337890625,1.378321289063,0.953459960937,0.805327148437,-1.811381835938,0.000000000000
4.749883174896,-1.756856445312,-0.206791015625,-0.666327148437,1.379341796875,0.955719726563,0.803468750000,-1.811381835938,0.000000000000
4.760035991669,-1.756341796875,-0.206893554688,-0.665316406250,1.380361328125,0.957992187500,0.801609375000,-1.811381835938,0.000000000000
4.770215988159,-1.755936523437,-0.206893554688,-0.664161132812,1.381372070313,0.960470703125,0.799336914062,-1.811381835938,0.000000000000
4.780387163162,-1.755524414062,-0.206893554688,-0.663150390625,1.382247070313,0.962937500000,0.797064453125,-1.811381835938,0.000000000000
4.790542125702,-1.755215820312,-0.206791015625,-0.661995117188,1.383113281250,0.965622070313,0.794585937500,-1.811381835938,0.000000000000
4.800691127777,-1.754804687500,-0.206688476563,-0.660696289062,1.383988281250,0.968307617188,0.792106445312,-1.811381835938,0.000000000000
4.810842037201,-1.754495117188,-0.206379882812,-0.659541015625,1.384709960937,0.970980468750,0.789627929687,-1.811381835938,0.000000000000
4.821002006531,-1.754186523438,-0.205967773438,-0.658385742188,1.385288085938,0.973666015625,0.787149414063,-1.811588867188,0.000000000000
4.831157207489,-1.753981445312,-0.205556640625,-0.656942382812,1.385729492188,0.976558593750,0.784876953125,-1.811588867188,0.000000000000
4.841308116913,-1.753775390625,-0.205041992187,-0.655499023437,1.386307617187,0.979437500000,0.782397460937,-1.811588867188,0.000000000000
4.851455211639,-1.753569335937,-0.204527343750,-0.654045898438,1.386740234375,0.982329101562,0.779931640625,-1.811588867188,0.000000000000
4.861615180969,-1.753466796875,-0.203909179687,-0.652458007812,1.387029296875,0.985014648437,0.777246093750,-1.811588867188,0.000000000000
4.871797084808,-1.753363281250,-0.203395507812,-0.650870117187,1.387318359375,0.987480468750,0.774560546875,-1.811588867188,0.000000000000
4.881954193115,-1.753363281250,-0.202777343750,-0.649136718750,1.387616210938,0.989959960938,0.771875000000,-1.811588867188,0.000000000000
4.892103195190,-1.753363281250,-0.202057617188,-0.647116210938,1.388048828125,0.992438476562,0.768983398437,-1.811381835938,0.000000000000
4.902254104614,-1.753363281250,-0.201330078125,-0.645239257813,1.388193359375,0.994503906250,0.766297851562,-1.811381835938,0.000000000000
4.912445068359,-1.753363281250,-0.200712890625,-0.643362304687,1.388482421875,0.996557617188,0.763612304687,-1.811381835938,0.000000000000
4.922625064850,-1.753466796875,-0.199992187500,-0.641340820312,1.388626953125,0.998623046875,0.760926757812,-1.811381835938,0.000000000000
4.932787179947,-1.753466796875,-0.199272460938,-0.639455078125,1.388915039063,1.000069335937,0.758448242187,-1.811381835938,0.000000000000
4.942945003510,-1.753466796875,-0.198551757813,-0.637722656250,1.388915039063,1.001514648437,0.755762695312,-1.811175781250,0.000000000000
4.953107118607,-1.753466796875,-0.197832031250,-0.635990234375,1.389059570312,1.002547851562,0.753283203125,-1.811175781250,0.000000000000
4.963258028030,-1.753466796875,-0.197111328125,-0.634402343750,1.389059570312,1.003374023437,0.750804687500,-1.811175781250,0.000000000000
4.973426103592,-1.753466796875,-0.196390625000,-0.632958007813,1.389059570312,1.003980468750,0.748739257812,-1.811175781250,0.000000000000
4.983594179153,-1.753466796875,-0.195670898437,-0.631659179687,1.389059570312,1.004600585938,0.746879882812,-1.811175781250,0.000000000000
4.993751049042,-1.753363281250,-0.195052734375,-0.630503906250,1.389212890625,1.005013671875,0.745433593750,-1.811175781250,0.000000000000
5.003917217255,-1.753363281250,-0.194333007813,-0.629493164062,1.389059570312,1.005013671875,0.744194335937,-1.810968750000,0.000000000000
5.014083147049,-1.753363281250,-0.193612304687,-0.628626953125,1.389059570312,1.005013671875,0.743161132812,-1.810968750000,0.000000000000
5.024249076843,-1.753363281250,-0.192789062500,-0.627896484375,1.389059570312,1.005013671875,0.742128906250,-1.810968750000,0.000000000000
5.034413099289,-1.753363281250,-0.192068359375,-0.627462890625,1.389059570312,1.005220703125,0.741508789062,-1.810968750000,0.000000000000
5.044582128525,-1.753363281250,-0.191348632813,-0.627030273437,1.389059570312,1.005013671875,0.740888671875,-1.810968750000,0.000000000000
5.054751157761,-1.753363281250,-0.190730468750,-0.626741210938,1.389212890625,1.005220703125,0.740682617187,-1.810968750000,0.000000000000
5.064913988113,-1.753466796875,-0.190010742187,-0.626596679687,1.389059570312,1.005220703125,0.740475585937,-1.810968750000,0.000000000000
5.075079202652,-1.753466796875,-0.189393554687,-0.626596679687,1.389059570312,1.005220703125,0.740269531250,-1.810968750000,0.000000000000
5.085251092911,-1.753569335937,-0.188878906250,-0.626741210938,1.389059570312,1.005426757813,0.740269531250,-1.810968750000,0.000000000000
5.095461130142,-1.753569335937,-0.188364257812,-0.626741210938,1.388915039063,1.005426757813,0.740269531250,-1.810968750000,0.000000000000
5.105744123459,-1.753775390625,-0.187643554687,-0.626885742188,1.388915039063,1.005633789063,0.740269531250,-1.810749023438,0.000000000000
5.115914106369,-1.753775390625,-0.187431640625,-0.626885742188,1.388915039063,1.005633789063,0.740269531250,-1.810749023438,0.000000000000
5.126080989838,-1.753877929688,-0.187328125000,-0.626885742188,1.389059570312,1.005633789063,0.740269531250,-1.810749023438,0.000000000000
5.136245012283,-1.753981445312,-0.187225585937,-0.626885742188,1.389059570312,1.005426757813,0.740475585937,-1.810749023438,0.000000000000
5.146414995193,-1.753981445312,-0.187123046875,-0.626885742188,1.389059570312,1.005426757813,0.740682617187,-1.810749023438,0.000000000000
5.156588077545,-1.754083984375,-0.187123046875,-0.626885742188,1.389059570312,1.005220703125,0.740682617187,-1.810542968750,0.000000000000
5.166761159897,-1.754186523438,-0.187123046875,-0.626885742188,1.389059570312,1.005220703125,0.740888671875,-1.810542968750,0.000000000000
5.176938056946,-1.754186523438,-0.187123046875,-0.626885742188,1.389059570312,1.005220703125,0.740888671875,-1.810542968750,0.000000000000
5.187111139297,-1.754290039063,-0.187123046875,-0.626885742188,1.389059570312,1.005220703125,0.741095703125,-1.810542968750,0.000000000000
5.197286128998,-1.754290039063,-0.187123046875,-0.626885742188,1.389059570312,1.005220703125,0.741095703125,-1.810542968750,0.000000000000
5.207460165024,-1.754290039063,-0.187123046875,-0.626885742188,1.389059570312,1.005220703125,0.741095703125,-1.810542968750,0.000000000000
5.217633008957,-1.754290039063,-0.187225585937,-0.626885742188,1.389059570312,1.005220703125,0.741095703125,-1.810542968750,0.000000000000
5.227815151215,-1.754186523438,-0.187225585937,-0.626885742188,1.389059570312,1.005220703125,0.741095703125,-1.810542968750,0.000000000000
5.237987995148,-1.754186523438,-0.187225585937,-0.627030273437,1.388915039063,1.005220703125,0.741095703125,-1.810542968750,0.000000000000
5.248160123825,-1.754083984375,-0.187225585937,-0.627030273437,1.388915039063,1.005220703125,0.741095703125,-1.810542968750,0.000000000000
5.258331060410,-1.754083984375,-0.187225585937,-0.627030273437,1.388915039063,1.005220703125,0.741095703125,-1.810542968750,0.000000000000
5.268501043320,-1.754083984375,-0.187225585937,-0.627030273437,1.388915039063,1.005220703125,0.741302734375,-1.810542968750,0.000000000000
5.278667211533,-1.754083984375,-0.187225585937,-0.627030273437,1.388915039063,1.005013671875,0.741302734375,-1.810542968750,0.000000000000
5.288844108582,-1.754083984375,-0.187225585937,-0.627030273437,1.388915039063,1.005013671875,0.741302734375,-1.810542968750,0.000000000000
5.299029111862,-1.754083984375,-0.187225585937,-0.627030273437,1.388915039063,1.005013671875,0.741508789062,-1.810542968750,0.000000000000
5.309205055237,-1.754083984375,-0.187328125000,-0.627030273437,1.388915039063,1.005013671875,0.741921875000,-1.810542968750,0.000000000000
5.319378137589,-1.754083984375,-0.187328125000,-0.627030273437,1.388915039063,1.005013671875,0.741921875000,-1.810542968750,0.000000000000
5.329554080963,-1.754186523438,-0.187431640625,-0.627030273437,1.388915039063,1.005013671875,0.741715820313,-1.810542968750,0.000000000000
5.339727163315,-1.754186523438,-0.187431640625,-0.627030273437,1.388915039063,1.005013671875,0.741715820313,-1.810542968750,0.000000000000
5.349908113480,-1.754186523438,-0.187541015625,-0.627173828125,1.388770507813,1.005220703125,0.741508789062,-1.810335937500,0.000000000000
5.360084056854,-1.754290039063,-0.187643554687,-0.627318359375,1.388770507813,1.005220703125,0.741302734375,-1.810335937500,0.000000000000
5.370254039764,-1.754290039063,-0.187746093750,-0.627462890625,1.388770507813,1.005220703125,0.741095703125,-1.810335937500,0.000000000000
5.380434036255,-1.754392578125,-0.187849609375,-0.627607421875,1.388770507813,1.005426757813,0.741095703125,-1.810335937500,0.000000000000
5.390611171722,-1.754495117188,-0.187952148437,-0.627607421875,1.388770507813,1.005426757813,0.741095703125,-1.810335937500,0.000000000000
5.400785207748,-1.754598632813,-0.188158203125,-0.627751953125,1.388770507813,1.005426757813,0.741095703125,-1.810335937500,0.000000000000
5.410953998566,-1.754701171875,-0.188260742187,-0.627751953125,1.388626953125,1.005426757813,0.741095703125,-1.810335937500,0.000000000000
5.421131134033,-1.754804687500,-0.188364257812,-0.627896484375,1.388482421875,1.005426757813,0.741095703125,-1.810335937500,0.000000000000
5.431300163269,-1.754907226563,-0.188364257812,-0.628040039063,1.388337890625,1.005426757813,0.741095703125,-1.810335937500,0.000000000000
5.441467046738,-1.754907226563,-0.188466796875,-0.628184570312,1.388193359375,1.005426757813,0.740888671875,-1.810335937500,0.000000000000
5.451635122299,-1.755009765625,-0.188569335937,-0.628329101562,1.388193359375,1.005426757813,0.740888671875,-1.810335937500,0.000000000000
5.461819171906,-1.755113281250,-0.188569335937,-0.628482421875,1.388193359375,1.005220703125,0.740888671875,-1.810335937500,0.000000000000
5.472005128860,-1.755113281250,-0.188569335937,-0.628626953125,1.388193359375,1.005220703125,0.741095703125,-1.810335937500,0.000000000000
5.482184171677,-1.755113281250,-0.188569335937,-0.628771484375,1.388337890625,1.005013671875,0.741095703125,-1.810335937500,0.000000000000
5.492358207703,-1.755113281250,-0.188466796875,-0.628916015625,1.388482421875,1.004807617188,0.741302734375,-1.810335937500,0.000000000000
5.502528190613,-1.755113281250,-0.188364257812,-0.629204101562,1.388482421875,1.004600585938,0.741302734375,-1.810542968750,0.000000000000
5.512704133987,-1.755009765625,-0.188260742187,-0.629348632812,1.388626953125,1.004600585938,0.741508789062,-1.810542968750,0.000000000000
5.522880077362,-1.755009765625,-0.188158203125,-0.629348632812,1.388626953125,1.004600585938,0.741302734375,-1.810542968750,0.000000000000
5.533049106598,-1.755009765625,-0.188158203125,-0.629348632812,1.388482421875,1.004600585938,0.741302734375,-1.810542968750,0.000000000000
5.543211221695,-1.755009765625,-0.188055664062,-0.629348632812,1.388482421875,1.004600585938,0.741302734375,-1.810542968750,0.000000000000
5.553376197815,-1.754907226563,-0.187952148437,-0.629493164062,1.388337890625,1.004600585938,0.741302734375,-1.810542968750,0.000000000000
5.563544988632,-1.754907226563,-0.187952148437,-0.629493164062,1.388193359375,1.004807617188,0.741302734375,-1.810542968750,0.000000000000
5.573721170425,-1.754804687500,-0.187952148437,-0.629348632812,1.388193359375,1.004807617188,0.741302734375,-1.810542968750,0.000000000000
5.583895206451,-1.754804687500,-0.187952148437,-0.629348632812,1.388193359375,1.004807617188,0.741302734375,-1.810542968750,0.000000000000
5.594067096710,-1.754701171875,-0.187952148437,-0.629348632812,1.388193359375,1.004807617188,0.741302734375,-1.810542968750,0.000000000000
5.604238033295,-1.754598632813,-0.187849609375,-0.629348632812,1.388048828125,1.005013671875,0.741302734375,-1.810542968750,0.000000000000
5.614411115646,-1.754495117188,-0.187849609375,-0.629348632812,1.388048828125,1.005013671875,0.741302734375,-1.810542968750,0.000000000000
5.624577999115,-1.754495117188,-0.187849609375,-0.629348632812,1.388048828125,1.005013671875,0.741302734375,-1.810335937500,0.000000000000
5.634751081467,-1.754392578125,-0.187952148437,-0.629348632812,1.388048828125,1.005013671875,0.741302734375,-1.810335937500,0.000000000000
5.644925117493,-1.754290039063,-0.187952148437,-0.629348632812,1.388048828125,1.005013671875,0.741302734375,-1.810335937500,0.000000000000
5.655097007751,-1.754290039063,-0.187952148437,-0.629348632812,1.388048828125,1.005013671875,0.741508789062,-1.810335937500,0.000000000000
5.665265083313,-1.754290039063,-0.187952148437,-0.629348632812,1.388048828125,1.005013671875,0.741508789062,-1.810335937500,0.000000000000
5.675442218781,-1.754290039063,-0.187952148437,-0.629348632812,1.388048828125,1.005220703125,0.741508789062,-1.810335937500,0.000000000000
