time,right_j0,right_j1,right_j2,right_j3,right_j4,right_j5,right_j6,right_gripper
0.000000000000,-0.002096679687,-0.870647460938,0.001341796875,2.092750976562,-0.001704101563,0.000666992188,0.004708984375,0.000000000000
0.010172128677,-0.002096679687,-0.870647460938,0.001341796875,2.092750976562,-0.001704101563,0.000666992188,0.004708984375,0.000000000000
0.020323991776,-0.002096679687,-0.870647460938,0.001341796875,2.092895507812,-0.001910156250,0.000874023438,0.004708984375,0.000000000000
0.030496120453,-0.002096679687,-0.870647460938,0.001341796875,2.092895507812,-0.001910156250,0.000874023438,0.004708984375,0.000000000000
0.040686130524,-0.002096679687,-0.870647460938,0.001341796875,2.092895507812,-0.001910156250,0.000874023438,0.004708984375,0.000000000000
0.050858020782,-0.002096679687,-0.870647460938,0.001341796875,2.093040039063,-0.002117187500,0.000874023438,0.004708984375,0.000000000000
0.061016082764,-0.002096679687,-0.870543945313,0.001341796875,2.093040039063,-0.002117187500,0.000874023438,0.004708984375,0.000000000000
0.071171045303,-0.002096679687,-0.870543945313,0.001341796875,2.093040039063,-0.002117187500,0.000874023438,0.004708984375,0.000000000000
0.081336975098,-0.002096679687,-0.870543945313,0.001341796875,2.093040039063,-0.002117187500,0.000874023438,0.004708984375,0.000000000000
0.091540098190,-0.002096679687,-0.870543945313,0.001486328125,2.093040039063,-0.002117187500,0.000874023438,0.004708984375,0.000000000000
0.101726055145,-0.002096679687,-0.870543945313,0.001486328125,2.093040039063,-0.002117187500,0.000874023438,0.004708984375,0.000000000000
0.111890077591,-0.001994140625,-0.870543945313,0.001486328125,2.093040039063,-0.002117187500,0.000874023438,0.004708984375,0.000000000000
0.122045993805,-0.001994140625,-0.870543945313,0.001486328125,2.093040039063,-0.002117187500,0.000874023438,0.004708984375,0.000000000000
0.132219076157,-0.001994140625,-0.870543945313,0.001486328125,2.093040039063,-0.001910156250,0.000874023438,0.004708984375,0.000000000000
0.142398118973,-0.001994140625,-0.870543945313,0.001486328125,2.093040039063,-0.002117187500,0.000874023438,0.004708984375,0.000000000000
0.152555942535,-0.001994140625,-0.870543945313,0.001486328125,2.093040039063,-0.002117187500,0.000874023438,0.004708984375,0.000000000000
0.162712097168,-0.001994140625,-0.870543945313,0.001486328125,2.093040039063,-0.001910156250,0.000874023438,0.004708984375,0.000000000000
0.172863006592,-0.001994140625,-0.870543945313,0.001486328125,2.093040039063,-0.002117187500,0.000874023438,0.004708984375,0.000000000000
0.183023929596,-0.001994140625,-0.870441406250,0.001639648438,2.093184570312,-0.002117187500,0.001080078125,0.004708984375,0.000000000000
0.193181991577,-0.001994140625,-0.870441406250,0.001639648438,2.093184570312,-0.002117187500,0.001080078125,0.004708984375,0.000000000000
0.203350067139,-0.001994140625,-0.870441406250,0.001486328125,2.093328125000,-0.002117187500,0.001080078125,0.004708984375,0.000000000000
0.213508129120,-0.001891601563,-0.870441406250,0.001486328125,2.093328125000,-0.002117187500,0.001287109375,0.004708984375,0.000000000000
0.223654985428,-0.001891601563,-0.870337890625,0.001486328125,2.093472656250,-0.002117187500,0.001287109375,0.004708984375,0.000000000000
0.233822107315,-0.001994140625,-0.870337890625,0.001486328125,2.093472656250,-0.002117187500,0.001287109375,0.004708984375,0.000000000000
0.243979930878,-0.002096679687,-0.870337890625,0.001486328125,2.093472656250,-0.002117187500,0.001287109375,0.004708984375,0.000000000000
0.254131078720,-0.002096679687,-0.870337890625,0.001486328125,2.093328125000,-0.001910156250,0.001493164062,0.004708984375,0.000000000000
0.264311075211,-0.002096679687,-0.870337890625,0.001486328125,2.093184570312,-0.001910156250,0.001493164062,0.004708984375,0.000000000000
0.274487972260,-0.002200195313,-0.870337890625,0.001486328125,2.093184570312,-0.001910156250,0.001493164062,0.004501953125,0.000000000000
0.284667015076,-0.002200195313,-0.870441406250,0.001486328125,2.093040039063,-0.001497070312,0.002112304687,0.006167968750,0.000000000000
0.294843912125,-0.002200195313,-0.870441406250,0.001486328125,2.092750976562,-0.001704101563,0.002951171875,0.007820312500,0.000000000000
0.305018901825,-0.002309570313,-0.870543945313,0.001341796875,2.092606445313,-0.001497070312,0.003364257812,0.008440429688,0.000000000000
0.315196037292,-0.002309570313,-0.870647460938,0.001341796875,2.092461914063,-0.001497070312,0.004603515625,0.008440429688,0.000000000000
0.325376033783,-0.002412109375,-0.870750000000,0.001197265625,2.092317382812,-0.001497070312,0.005856445312,0.008233398437,0.000000000000
0.335561990738,-0.002515625000,-0.870750000000,0.001053710937,2.092173828125,-0.001497070312,0.007095703125,0.008233398437,0.000000000000
0.345746040344,-0.002618164063,-0.870750000000,0.000909179688,2.091884765625,-0.001497070312,0.008967773437,0.008233398437,0.000000000000
0.355926036835,-0.002720703125,-0.870852539063,0.000909179688,2.091451171875,-0.001497070312,0.010839843750,0.008233398437,0.000000000000
0.366101026535,-0.003029296875,-0.870852539063,0.000764648438,2.091163085938,-0.001291015625,0.012699218750,0.008233398437,0.000000000000
0.376292943954,-0.003235351563,-0.870956054688,0.000620117188,2.090720703125,-0.001291015625,0.014984375000,0.008233398437,0.000000000000
0.386460065842,-0.003543945313,-0.870956054688,0.000475585937,2.090287109375,-0.001291015625,0.017062500000,0.008233398437,0.000000000000
0.396620988846,-0.003750000000,-0.871058593750,0.000331054688,2.089709960937,-0.001083984375,0.019554687500,0.008233398437,0.000000000000
0.406772136688,-0.004058593750,-0.871161132812,0.000042968750,2.089132812500,-0.001083984375,0.022046875000,0.008233398437,0.000000000000
0.416919946671,-0.004476562500,-0.871161132812,-0.000101562500,2.088411132812,-0.001083984375,0.024538085937,0.008233398437,0.000000000000
0.427067041397,-0.004888671875,-0.871264648437,-0.000246093750,2.087688476563,-0.001291015625,0.027650390625,0.008233398437,0.000000000000
0.437231063843,-0.005299804687,-0.871367187500,-0.000535156250,2.086966796875,-0.001291015625,0.030554687500,0.008027343750,0.000000000000
0.447389125824,-0.005814453125,-0.871470703125,-0.000678710937,2.086100585937,-0.001291015625,0.033666015625,0.008027343750,0.000000000000
0.457544088364,-0.006329101562,-0.871573242187,-0.000966796875,2.085234375000,-0.001291015625,0.036778320313,0.008027343750,0.000000000000
0.467700958252,-0.006953125000,-0.871675781250,-0.001255859375,2.084223632812,-0.001291015625,0.039902343750,0.008027343750,0.000000000000
0.478131055832,-0.008188476562,-0.871675781250,-0.001977539062,2.082048828125,-0.001291015625,0.047158203125,0.008027343750,0.000000000000
0.488296031952,-0.008915039062,-0.871675781250,-0.002275390625,2.080750000000,-0.001497070312,0.051109375000,0.007820312500,0.000000000000
0.498445987701,-0.009738281250,-0.871675781250,-0.002564453125,2.079450195312,-0.001497070312,0.055459960937,0.007820312500,0.000000000000
0.508595943451,-0.010561523437,-0.871675781250,-0.002997070312,2.078151367188,-0.001704101563,0.060030273437,0.007820312500,0.000000000000
0.518742084503,-0.011390625000,-0.871675781250,-0.003286132813,2.076698242188,-0.001704101563,0.064381835938,0.007820312500,0.000000000000
0.528897047043,-0.012317382812,-0.871675781250,-0.003718750000,2.075254882813,-0.001910156250,0.068745117187,0.007614257812,0.000000000000
0.539057970047,-0.013250000000,-0.871675781250,-0.004007812500,2.073955078125,-0.002117187500,0.073316406250,0.007614257812,0.000000000000
0.549212932587,-0.014279296875,-0.871675781250,-0.004440429687,2.072367187500,-0.002117187500,0.078080078125,0.007614257812,0.000000000000
0.559361934662,-0.015314453125,-0.871779296875,-0.004874023437,2.070922851562,-0.002310546875,0.082650390625,0.007407226562,0.000000000000
0.569525003433,-0.016446289063,-0.871779296875,-0.005451171875,2.069326171875,-0.002517578125,0.087633789062,0.007407226562,0.000000000000
0.579687118530,-0.017584960938,-0.871779296875,-0.005884765625,2.067593750000,-0.002930664062,0.092811523438,0.007200195313,0.000000000000
0.589843988419,-0.018716796875,-0.871779296875,-0.006470703125,2.065861328125,-0.003135742187,0.098001953125,0.007200195313,0.000000000000
0.600008964539,-0.019958007813,-0.871779296875,-0.006904296875,2.063975585937,-0.003755859375,0.103398437500,0.007200195313,0.000000000000
0.610165119171,-0.021193359375,-0.871779296875,-0.007481445312,2.061954101562,-0.004569335938,0.108588867187,0.006994140625,0.000000000000
0.620335102081,-0.022434570312,-0.871779296875,-0.008059570313,2.060077148437,-0.005395507813,0.113765625000,0.006994140625,0.000000000000
0.630509138107,-0.023675781250,-0.871779296875,-0.008636718750,2.057902343750,-0.006208984375,0.119576171875,0.006994140625,0.000000000000
0.640671968460,-0.025013671875,-0.871779296875,-0.009070312500,2.055592773438,-0.007655273438,0.124972656250,0.006787109375,0.000000000000
0.650838136673,-0.026357421875,-0.871881835938,-0.009791992187,2.053282226563,-0.009087890625,0.130163085938,0.006787109375,0.000000000000
0.660996913910,-0.027908203125,-0.871881835938,-0.010377929688,2.050819335938,-0.010727539062,0.135559570312,0.006581054687,0.000000000000
0.671181917191,-0.029451171875,-0.871984375000,-0.010956054687,2.048220703125,-0.012574218750,0.140943359375,0.006581054687,0.000000000000
0.681363105774,-0.031001953125,-0.871984375000,-0.011686523438,2.045612304687,-0.014626953125,0.146546875000,0.006581054687,0.000000000000
0.691543102264,-0.032654296875,-0.872087890625,-0.012264648437,2.043013671875,-0.016886718750,0.151737304687,0.006581054687,0.000000000000
0.701719045639,-0.034410156250,-0.872190429688,-0.012986328125,2.040406250000,-0.019338867188,0.156708007812,0.006374023438,0.000000000000
0.711889028549,-0.036269531250,-0.872293945313,-0.013716796875,2.037663085938,-0.021805664063,0.162104492188,0.006167968750,0.000000000000
0.722055912018,-0.038122070312,-0.872396484375,-0.014294921875,2.034911132812,-0.024271484375,0.167087890625,0.005960937500,0.000000000000
0.732230901718,-0.040083007813,-0.872602539062,-0.015016601563,2.032167968750,-0.026737304688,0.171852539063,0.005960937500,0.000000000000
0.742432117462,-0.042147460937,-0.872705078125,-0.015882812500,2.029271484375,-0.029397460938,0.177041992187,0.005960937500,0.000000000000
0.752608060837,-0.044315429687,-0.872911132812,-0.016749023437,2.026239257813,-0.031863281250,0.181806640625,0.005960937500,0.000000000000
0.762784004211,-0.046483398437,-0.873013671875,-0.017624023438,2.023198242188,-0.034122070313,0.186997070313,0.005960937500,0.000000000000
0.772956132889,-0.048856445313,-0.873219726563,-0.018634765625,2.020166992187,-0.036575195313,0.191967773437,0.005960937500,0.000000000000
0.783124923706,-0.051236328125,-0.873425781250,-0.019790039063,2.017125976562,-0.039248046875,0.196538085937,0.005960937500,0.000000000000
0.793293952942,-0.053711914062,-0.873528320313,-0.020800781250,2.013940429688,-0.041920898437,0.201508789062,0.005754882812,0.000000000000
0.803462982178,-0.056188476562,-0.873631835938,-0.021964843750,2.010764648438,-0.044993164063,0.206699218750,0.005535156250,0.000000000000
0.813619136810,-0.058767578125,-0.873836914062,-0.022974609375,2.007579101562,-0.048272460937,0.211256835937,0.005122070313,0.000000000000
0.823791980743,-0.061449218750,-0.873940429687,-0.023985351562,2.004257812500,-0.051758789062,0.216020507813,0.004915039063,0.000000000000
0.833981990814,-0.064241210938,-0.874042968750,-0.024996093750,2.000784179687,-0.055451171875,0.220590820312,0.004708984375,0.000000000000
0.844166040421,-0.067026367188,-0.874042968750,-0.025871093750,1.997455078125,-0.059556640625,0.225148437500,0.004088867188,0.000000000000
0.854346036911,-0.069810546875,-0.874042968750,-0.026881835938,1.993980468750,-0.063869140625,0.230119140625,0.003469726562,0.000000000000
0.864525079727,-0.072705078125,-0.874042968750,-0.027892578125,1.990660156250,-0.068181640625,0.234676757812,0.002010742188,0.000000000000
0.874704122543,-0.075592773437,-0.873940429687,-0.028912109375,1.987185546875,-0.072480468750,0.239247070313,-0.000468750000,0.000000000000
0.884887933731,-0.078590820313,-0.873940429687,-0.029788085938,1.983711914062,-0.076792968750,0.243804687500,-0.004418945313,0.000000000000
0.895067930222,-0.081581054688,-0.873836914062,-0.030797851562,1.980391601563,-0.080898437500,0.248569335937,-0.009802734375,0.000000000000
0.905251026154,-0.084777343750,-0.873734375000,-0.031665039062,1.977206054688,-0.085210937500,0.253126953125,-0.016439453125,0.000000000000
0.915434122086,-0.087877929687,-0.873631835938,-0.032531250000,1.974165039063,-0.089510742188,0.257903320313,-0.023901367188,0.000000000000
0.925612926483,-0.091074218750,-0.873528320313,-0.033550781250,1.971421875000,-0.093616210937,0.262667968750,-0.032410156250,0.000000000000
0.935795068741,-0.094380859375,-0.873425781250,-0.034416992188,1.968525390625,-0.097721679687,0.267638671875,-0.042364257813,0.000000000000
0.945979118347,-0.097789062500,-0.873219726563,-0.035427734375,1.965917968750,-0.101621093750,0.272829101563,-0.053777343750,0.000000000000
0.956157922745,-0.101185546875,-0.873117187500,-0.036437500000,1.963463867187,-0.105313476562,0.278212890625,-0.065604492188,0.000000000000
0.966337919235,-0.104697265625,-0.873013671875,-0.037458007812,1.961289062500,-0.108592773437,0.283389648437,-0.078049804688,0.000000000000
0.976516962051,-0.108311523438,-0.872808593750,-0.038612304688,1.959123046875,-0.111458984375,0.288993164062,-0.091736328125,0.000000000000
0.986696958542,-0.112125976562,-0.872602539062,-0.039767578125,1.957092773438,-0.113718750000,0.294790039063,-0.105847656250,0.000000000000
0.996881961823,-0.115843750000,-0.872396484375,-0.041076171875,1.955360351562,-0.115771484375,0.300600585937,-0.119752929687,0.000000000000
1.007057905197,-0.119657226562,-0.872087890625,-0.042231445312,1.953619140625,-0.117204101562,0.306190429687,-0.134484375000,0.000000000000
1.017235040665,-0.123683593750,-0.871881835938,-0.043530273438,1.952174804688,-0.117824218750,0.311987304688,-0.148595703125,0.000000000000
1.027416944504,-0.127812500000,-0.871675781250,-0.044838867187,1.950731445312,-0.118237304688,0.317797851563,-0.161868164062,0.000000000000
1.037611007690,-0.131942382813,-0.871367187500,-0.046291992187,1.949422851563,-0.118030273437,0.323387695313,-0.175153320312,0.000000000000
1.047971963882,-0.136071289062,-0.871058593750,-0.047590820312,1.948124023437,-0.118030273437,0.328565429688,-0.188850585938,0.000000000000
1.058176994324,-0.144638671875,-0.870543945313,-0.050342773438,1.945813476562,-0.117824218750,0.339552734375,-0.215214843750,0.000000000000
1.068351984024,-0.149076171875,-0.870337890625,-0.051787109375,1.944649414062,-0.117617187500,0.344316406250,-0.229327148437,0.000000000000
1.078535079956,-0.153514648438,-0.870029296875,-0.053094726562,1.943494140625,-0.117411132812,0.349081054688,-0.243231445312,0.000000000000
1.088714122772,-0.157952148437,-0.869824218750,-0.054394531250,1.942339843750,-0.117204101562,0.353844726562,-0.256930664062,0.000000000000
1.098918914795,-0.162493164063,-0.869618164063,-0.055549804688,1.941175781250,-0.116998046875,0.358196289063,-0.272087890625,0.000000000000
1.109112024307,-0.167239257812,-0.869514648438,-0.056713867188,1.940020507812,-0.116597656250,0.362133789062,-0.287039062500,0.000000000000
1.119292974472,-0.171889648437,-0.869206054688,-0.057868164062,1.938865234375,-0.116184570312,0.366058593750,-0.302402343750,0.000000000000
1.129477024078,-0.176636718750,-0.869000976562,-0.059023437500,1.937566406250,-0.115771484375,0.369996093750,-0.318179687500,0.000000000000
1.139656066895,-0.181486328125,-0.868794921875,-0.060034179688,1.936402343750,-0.115358398437,0.373314453125,-0.332717773437,0.000000000000
1.149832963943,-0.186445312500,-0.868588867187,-0.061053710937,1.935102539063,-0.114945312500,0.376425781250,-0.346416015625,0.000000000000
1.160003900528,-0.191500000000,-0.868280273438,-0.062064453125,1.933803710937,-0.114750976562,0.379318359375,-0.359920898438,0.000000000000
1.170175075531,-0.196659179687,-0.867971679687,-0.062930664063,1.932639648437,-0.114544921875,0.381190429687,-0.372586914062,0.000000000000
1.180351018906,-0.201823242188,-0.867663085937,-0.063950195312,1.931195312500,-0.114337890625,0.383255859375,-0.385045898437,0.000000000000
1.190526008606,-0.207078125000,-0.867250976563,-0.064825195313,1.929751953125,-0.114337890625,0.384702148438,-0.397297851563,0.000000000000
1.200700044632,-0.212345703125,-0.866942382813,-0.065691406250,1.928298828125,-0.114131835937,0.386161132812,-0.409137695312,0.000000000000
1.210873126984,-0.217709960938,-0.866427734375,-0.066414062500,1.926710937500,-0.114337890625,0.387194335938,-0.420357421875,0.000000000000
1.221046924591,-0.223183593750,-0.866016601563,-0.067135742187,1.925267578125,-0.114544921875,0.387607421875,-0.431577148438,0.000000000000
1.231221914291,-0.228752929687,-0.865604492188,-0.067712890625,1.923814453125,-0.114750976562,0.388226562500,-0.443416015625,0.000000000000
1.241398096085,-0.234226562500,-0.865089843750,-0.068299804687,1.922082031250,-0.114945312500,0.388226562500,-0.455668945313,0.000000000000
1.251569986343,-0.239906250000,-0.864472656250,-0.068732421875,1.920628906250,-0.115151367188,0.388020507813,-0.467920898438,0.000000000000
1.261742115021,-0.245579101563,-0.863751953125,-0.069166015625,1.919041015625,-0.115358398437,0.387813476562,-0.481012695313,0.000000000000
1.271914958954,-0.251361328125,-0.863134765625,-0.069598632813,1.917444335937,-0.115358398437,0.387813476562,-0.495137695313,0.000000000000
1.282097101212,-0.257143554687,-0.862414062500,-0.069887695312,1.916000000000,-0.115358398437,0.387607421875,-0.508848632813,0.000000000000
1.292288064957,-0.263021484375,-0.861597656250,-0.070176757813,1.914267578125,-0.115358398437,0.387813476562,-0.523179687500,0.000000000000
1.302463054657,-0.268797851563,-0.860774414062,-0.070321289063,1.912670898438,-0.115151367188,0.387813476562,-0.537923828125,0.000000000000
1.312638044357,-0.274786132812,-0.859847656250,-0.070464843750,1.911082031250,-0.115151367188,0.387813476562,-0.552474609375,0.000000000000
1.322813034058,-0.280773437500,-0.858819335938,-0.070609375000,1.909340820312,-0.115151367188,0.387813476562,-0.567218750000,0.000000000000
1.332991123199,-0.286761718750,-0.857686523437,-0.070609375000,1.907608398438,-0.115151367188,0.388020507813,-0.581976562500,0.000000000000
1.343164920807,-0.292743164063,-0.856349609375,-0.070609375000,1.905722656250,-0.114945312500,0.388020507813,-0.595481445313,0.000000000000
1.353336095810,-0.298731445313,-0.854908203125,-0.070609375000,1.903845703125,-0.114945312500,0.388020507813,-0.608779296875,0.000000000000
1.363506078720,-0.304822265625,-0.853365234375,-0.070609375000,1.901670898437,-0.114750976562,0.388226562500,-0.622284179688,0.000000000000
1.373678922653,-0.310913085938,-0.851718750000,-0.070464843750,1.899649414062,-0.114750976562,0.388226562500,-0.635168945313,0.000000000000
1.383855104446,-0.316901367188,-0.849866210938,-0.070321289063,1.897331054687,-0.114544921875,0.388433593750,-0.648054687500,0.000000000000
1.394028902054,-0.322985351563,-0.847911132812,-0.070321289063,1.894867187500,-0.114544921875,0.388433593750,-0.661365234375,0.000000000000
1.404201030731,-0.328966796875,-0.845750000000,-0.070321289063,1.892413085937,-0.114337890625,0.388226562500,-0.674250976562,0.000000000000
1.414374113083,-0.334955078125,-0.843588867188,-0.070321289063,1.889805664063,-0.114337890625,0.388226562500,-0.686929687500,0.000000000000
1.424544095993,-0.340943359375,-0.841324218750,-0.070321289063,1.886909179687,-0.114337890625,0.388433593750,-0.700434570313,0.000000000000
1.434720039368,-0.346924804687,-0.838958007812,-0.070321289063,1.884156250000,-0.114131835937,0.388433593750,-0.714558593750,0.000000000000
1.444894075394,-0.352912109375,-0.836391601563,-0.070464843750,1.881125000000,-0.113924804688,0.388433593750,-0.728283203125,0.000000000000
1.455060958862,-0.359003906250,-0.833613281250,-0.070464843750,1.878083984375,-0.113305664063,0.388639648437,-0.742820312500,0.000000000000
1.465232133865,-0.364991210937,-0.830724609375,-0.070609375000,1.875042968750,-0.112492187500,0.388639648437,-0.757578125000,0.000000000000
1.475407123566,-0.370972656250,-0.827637695312,-0.070753906250,1.871712890625,-0.111458984375,0.388846679687,-0.770875976562,0.000000000000
1.485572099686,-0.376955078125,-0.824344726563,-0.070898437500,1.868383789062,-0.110232421875,0.389259765625,-0.784600585938,0.000000000000
1.495731115341,-0.382942382812,-0.820948242187,-0.070898437500,1.864909179687,-0.108798828125,0.389672851562,-0.798312500000,0.000000000000
1.505882024765,-0.388930664062,-0.817346679687,-0.070898437500,1.861435546875,-0.107159179687,0.390085937500,-0.811197265625,0.000000000000
1.516034126282,-0.394912109375,-0.813642578125,-0.071042968750,1.857672851563,-0.105313476562,0.390706054688,-0.823875976563,0.000000000000
1.526178121567,-0.401002929688,-0.809943359375,-0.071042968750,1.854054687500,-0.103673828125,0.391337890625,-0.836140625000,0.000000000000
1.536332130432,-0.407093750000,-0.805930664063,-0.071187500000,1.850147460937,-0.101621093750,0.392165039062,-0.847773437500,0.000000000000
1.546482086182,-0.413178710938,-0.801916992188,-0.071187500000,1.846231445312,-0.099361328125,0.392991210938,-0.858580078125,0.000000000000
1.556627988815,-0.419262695312,-0.797800781250,-0.071187500000,1.842324218750,-0.097101562500,0.393817382813,-0.869386718750,0.000000000000
1.566776990891,-0.425250976562,-0.793581054687,-0.071187500000,1.838416992187,-0.094635742187,0.394643554688,-0.880812500000,0.000000000000
1.576923131943,-0.431341796875,-0.789362304688,-0.071187500000,1.834365234375,-0.092389648437,0.395882812500,-0.892045898438,0.000000000000
1.587076902390,-0.437220703125,-0.784937500000,-0.071187500000,1.830015625000,-0.089923828125,0.396928710937,-0.903264648437,0.000000000000
1.597243070602,-0.443208007813,-0.780409179688,-0.071331054688,1.825675781250,-0.087457031250,0.398167968750,-0.914897460938,0.000000000000
1.607418060303,-0.448990234375,-0.775784179688,-0.071331054688,1.821182617188,-0.084797851562,0.399407226562,-0.927370117187,0.000000000000
1.617607116699,-0.454766601562,-0.771050781250,-0.071331054688,1.816697265625,-0.081918945313,0.400440429687,-0.939428710938,0.000000000000
1.627789020538,-0.460541992188,-0.766318359375,-0.071331054688,1.812212890625,-0.079052734375,0.401473632812,-0.951474609375,0.000000000000
1.637979984283,-0.466317382813,-0.761481445312,-0.071187500000,1.807575195313,-0.075773437500,0.402932617188,-0.964153320313,0.000000000000
1.648144960403,-0.477669921875,-0.751602539062,-0.071187500000,1.798018554688,-0.069201171875,0.405411132813,-0.989922851563,0.000000000000
1.658292055130,-0.483246093750,-0.746559570312,-0.071331054688,1.793091796875,-0.065508789063,0.406650390625,-1.003014648437,0.000000000000
1.668441057205,-0.488816406250,-0.741523437500,-0.071331054688,1.788174804687,-0.061816406250,0.407903320312,-1.016313476562,0.000000000000
1.678611040115,-0.494392578125,-0.736583984375,-0.071331054688,1.783391601562,-0.057710937500,0.408935546875,-1.028579101563,0.000000000000
1.688775062561,-0.499750000000,-0.731541015625,-0.071331054688,1.778464843750,-0.053411132812,0.410175781250,-1.040430664063,0.000000000000
1.698924064636,-0.505217773437,-0.726292968750,-0.071187500000,1.773394531250,-0.048892578125,0.411415039062,-1.052476562500,0.000000000000
1.709074974060,-0.510485351562,-0.721044921875,-0.071331054688,1.768332031250,-0.044374023438,0.412460937500,-1.064548828125,0.000000000000
1.719223022461,-0.515746093750,-0.715899414063,-0.071331054688,1.763116210938,-0.040074218750,0.413700195313,-1.075561523438,0.000000000000
1.729392051697,-0.520904296875,-0.710650390625,-0.071475585938,1.758044921875,-0.035968750000,0.415352539063,-1.086368164063,0.000000000000
1.739551067352,-0.526062500000,-0.705499023438,-0.071620117187,1.752973632813,-0.031656250000,0.416591796875,-1.096955078125,0.000000000000
1.749705076218,-0.531118164063,-0.700250976563,-0.071764648437,1.747758789062,-0.027137695313,0.418050781250,-1.106935546875,0.000000000000
1.759853124619,-0.536276367188,-0.695001953125,-0.071909179688,1.742687500000,-0.022631835938,0.419083984375,-1.116283203125,0.000000000000
1.770018100739,-0.541332031250,-0.689959960938,-0.072053710938,1.737769531250,-0.018526367188,0.420323242188,-1.125010742187,0.000000000000
1.780185937881,-0.546386718750,-0.684923828125,-0.072351562500,1.732410156250,-0.015040039062,0.421562500000,-1.134151367188,0.000000000000
1.790362119675,-0.551236328125,-0.679675781250,-0.072928710938,1.727194335937,-0.011347656250,0.422595703125,-1.143718750000,0.000000000000
1.800522089005,-0.556085937500,-0.674530273438,-0.073361328125,1.721978515625,-0.007861328125,0.423641601563,-1.153685546875,0.000000000000
1.810671091080,-0.560935546875,-0.669384765625,-0.073794921875,1.716907226563,-0.004775390625,0.424260742187,-1.163666015625,0.000000000000
1.820837020874,-0.565682617188,-0.664445312500,-0.074228515625,1.711835937500,-0.002117187500,0.425087890625,-1.174252929687,0.000000000000
1.830996990204,-0.570422851563,-0.659504882812,-0.074805664062,1.706765625000,0.000348632812,0.425914062500,-1.185678710937,0.000000000000
1.841150045395,-0.574963867188,-0.654565429687,-0.075527343750,1.701405273438,0.002195312500,0.426533203125,-1.197105468750,0.000000000000
1.851300954819,-0.579504882813,-0.649625976562,-0.076402343750,1.696036132812,0.004248046875,0.427153320312,-1.208543945312,0.000000000000
1.861452102661,-0.584044921875,-0.644892578125,-0.077125000000,1.690964843750,0.005680664063,0.427566406250,-1.219983398437,0.000000000000
1.871613025665,-0.588585937500,-0.640158203125,-0.077991210937,1.685893554688,0.007126953125,0.427979492187,-1.231822265625,0.000000000000
1.881772994995,-0.593024414062,-0.635527343750,-0.078857421875,1.680678710938,0.008353515625,0.428392578125,-1.242616210938,0.000000000000
1.891921043396,-0.597359375000,-0.630793945312,-0.079867187500,1.675318359375,0.009386718750,0.428599609375,-1.252596679688,0.000000000000
1.902060031891,-0.601681640625,-0.626163085938,-0.080887695312,1.670102539062,0.010200195313,0.428805664062,-1.261531250000,0.000000000000
1.912219047546,-0.605913085938,-0.621532226562,-0.082041992187,1.664887695313,0.010613281250,0.429231445313,-1.269833007812,0.000000000000
1.922387123108,-0.610145507812,-0.617003906250,-0.083206054688,1.659671875000,0.011232421875,0.429645507812,-1.277321289063,0.000000000000
1.932555913925,-0.614377929688,-0.612579101562,-0.084514648438,1.654600585937,0.011839843750,0.430058593750,-1.283543945312,0.000000000000
1.942727088928,-0.618500000000,-0.608154296875,-0.085525390625,1.649375976563,0.012252929688,0.430471679687,-1.288954101562,0.000000000000
1.952898025513,-0.622629882812,-0.603728515625,-0.086680664062,1.644304687500,0.012666015625,0.431090820313,-1.293510742188,0.000000000000
1.963064908981,-0.626656250000,-0.599502929687,-0.087834960937,1.639089843750,0.012872070312,0.431710937500,-1.297461914063,0.000000000000
1.973232984543,-0.630675781250,-0.595386718750,-0.089143554688,1.633874023437,0.012666015625,0.432950195313,-1.301000000000,0.000000000000
1.983407974243,-0.634592773437,-0.591270507813,-0.090443359375,1.628793945312,0.012666015625,0.433983398438,-1.304524414063,0.000000000000
1.993577003479,-0.638509765625,-0.587154296875,-0.091742187500,1.623578125000,0.012872070312,0.435029296875,-1.308268554687,0.000000000000
2.003744125366,-0.642330078125,-0.582934570312,-0.093195312500,1.618362304687,0.012872070312,0.436474609375,-1.312425781250,0.000000000000
2.013911008835,-0.646253906250,-0.578921875000,-0.094638671875,1.613291992187,0.012872070312,0.437920898437,-1.317203125000,0.000000000000
2.024079084396,-0.650067382812,-0.575010742188,-0.096083007812,1.608210937500,0.012666015625,0.439573242187,-1.322392578125,0.000000000000
2.034265995026,-0.653991210938,-0.571100585938,-0.097679687500,1.602996093750,0.012252929688,0.441652343750,-1.327376953125,0.000000000000
2.044450998306,-0.657804687500,-0.567292968750,-0.099267578125,1.597924804688,0.012458984375,0.443717773438,-1.332566406250,0.000000000000
2.054625988007,-0.661728515625,-0.563485351563,-0.101009765625,1.592998046875,0.012666015625,0.445577148438,-1.337343750000,0.000000000000
2.064795017242,-0.665638671875,-0.559883789063,-0.102606445313,1.587917968750,0.012666015625,0.447656250000,-1.341914062500,0.000000000000
2.074961900711,-0.669562500000,-0.556281250000,-0.104338867188,1.582846679688,0.012666015625,0.449927734375,-1.346278320312,0.000000000000
2.085138082504,-0.673382812500,-0.552885742187,-0.105936523437,1.577775390625,0.012458984375,0.452200195312,-1.351274414062,0.000000000000
2.095315933228,-0.677197265625,-0.549489257813,-0.107813476562,1.572550781250,0.012458984375,0.454898437500,-1.357084960937,0.000000000000
2.105489969254,-0.681120117187,-0.546093750000,-0.109699218750,1.567479492187,0.012666015625,0.457377929688,-1.363527343750,0.000000000000
2.115657091141,-0.684934570313,-0.542697265625,-0.111720703125,1.562399414062,0.012872070312,0.459663085937,-1.369750000000,0.000000000000
2.125824928284,-0.688754882812,-0.539507812500,-0.113894531250,1.557183593750,0.012872070312,0.462554687500,-1.376193359375,0.000000000000
2.135992050171,-0.692562500000,-0.536214843750,-0.115916015625,1.552112304688,0.012872070312,0.465252929687,-1.382222656250,0.000000000000
2.146161079407,-0.696382812500,-0.533017578125,-0.118090820312,1.546888671875,0.012872070312,0.468145507812,-1.388032226563,0.000000000000
2.156337976456,-0.700299804687,-0.529827148438,-0.120112304688,1.541519531250,0.012666015625,0.471037109375,-1.393841796875,0.000000000000
2.166505098343,-0.704120117188,-0.526740234375,-0.122151367187,1.536448242188,0.012872070312,0.473942382813,-1.399871093750,0.000000000000
2.176665067673,-0.708037109375,-0.523755859375,-0.124172851563,1.531214843750,0.013079101563,0.477041015625,-1.406300781250,0.000000000000
2.186837911606,-0.711857421875,-0.520875000000,-0.126203125000,1.525999023438,0.013272460937,0.480565429687,-1.412124023438,0.000000000000
2.197009086609,-0.715774414062,-0.517993164062,-0.128224609375,1.520774414062,0.013479492188,0.484077148437,-1.417520507812,0.000000000000
2.207169055939,-0.719698242188,-0.515214843750,-0.130100585938,1.515703125000,0.013685546875,0.487808593750,-1.422090820313,0.000000000000
2.217330932617,-0.723505859375,-0.512539062500,-0.131987304688,1.510333984375,0.013892578125,0.491733398438,-1.425409179687,0.000000000000
2.227489948273,-0.727326171875,-0.510069335938,-0.133864257812,1.505119140625,0.014098632812,0.495464843750,-1.427694335938,0.000000000000
2.237656116486,-0.731345703125,-0.507599609375,-0.135605468750,1.499894531250,0.014511718750,0.499389648438,-1.428934570313,0.000000000000
2.247812032700,-0.735166992188,-0.505225585937,-0.137193359375,1.494814453125,0.014718750000,0.503328125000,-1.429360351562,0.000000000000
2.258109092712,-0.742904296875,-0.500594726563,-0.140676757812,1.484374023438,0.015738281250,0.512223632813,-1.429566406250,0.000000000000
2.268276929855,-0.746717773438,-0.498331054687,-0.142264648438,1.479149414062,0.016358398438,0.516987304687,-1.429566406250,0.000000000000
2.278425931931,-0.750525390625,-0.496067382813,-0.143861328125,1.473933593750,0.016978515625,0.521532226562,-1.429566406250,0.000000000000
2.288573026657,-0.754345703125,-0.493802734375,-0.145594726562,1.468708984375,0.018205078125,0.526295898438,-1.429566406250,0.000000000000
2.298736095428,-0.758262695313,-0.491641601562,-0.147038085938,1.463628906250,0.019431640625,0.531473632813,-1.429566406250,0.000000000000
2.308900117874,-0.762186523438,-0.489583984375,-0.148634765625,1.458414062500,0.021071289063,0.536224609375,-1.429566406250,0.000000000000
2.319063901901,-0.766103515625,-0.487320312500,-0.150079101563,1.453044921875,0.022723632812,0.541608398437,-1.429566406250,0.000000000000
2.329231977463,-0.770027343750,-0.485159179687,-0.151666992187,1.447675781250,0.024569335937,0.546979492187,-1.429566406250,0.000000000000
2.339400053024,-0.774149414063,-0.482998046875,-0.153120117187,1.442306640625,0.026816406250,0.552363281250,-1.429566406250,0.000000000000
2.349564075470,-0.778272460938,-0.480733398438,-0.154563476562,1.436937500000,0.029489257812,0.557734375000,-1.429566406250,0.000000000000
2.359720945358,-0.782395507813,-0.478462890625,-0.156006835938,1.431578125000,0.032368164063,0.563118164063,-1.429566406250,0.000000000000
2.369874000549,-0.786626953125,-0.476199218750,-0.157315429688,1.425919921875,0.035647460938,0.568501953125,-1.429566406250,0.000000000000
2.380028963089,-0.790956054687,-0.473832031250,-0.158759765625,1.420407226563,0.039133789063,0.574080078125,-1.429566406250,0.000000000000
2.390182018280,-0.795291015625,-0.471465820313,-0.160058593750,1.414893554688,0.042826171875,0.579669921875,-1.429566406250,0.000000000000
2.400330066681,-0.799728515625,-0.468996093750,-0.161375976562,1.409236328125,0.046724609375,0.585041015625,-1.429566406250,0.000000000000
2.410479068756,-0.804154296875,-0.466628906250,-0.162820312500,1.403713867188,0.050831054688,0.590424804688,-1.429566406250,0.000000000000
2.420624971390,-0.808591796875,-0.464261718750,-0.163974609375,1.398200195313,0.055142578125,0.596208984375,-1.429773437500,0.000000000000
2.430788040161,-0.813125976562,-0.461791992188,-0.165283203125,1.392840820313,0.059455078125,0.601799804688,-1.429773437500,0.000000000000
2.440964937210,-0.817564453125,-0.459219726562,-0.166583007812,1.387173828125,0.064167968750,0.607376953125,-1.429773437500,0.000000000000
2.451143026352,-0.822001953125,-0.456543945312,-0.168026367187,1.381660156250,0.068686523437,0.612748046875,-1.429773437500,0.000000000000
2.461313009262,-0.826536132813,-0.453765625000,-0.169326171875,1.376147460937,0.073412109375,0.617718750000,-1.429773437500,0.000000000000
2.471492052078,-0.831071289063,-0.450883789062,-0.170633789063,1.370778320312,0.078537109375,0.622263671875,-1.429773437500,0.000000000000
2.481663942337,-0.835502929687,-0.447899414063,-0.171933593750,1.365264648437,0.083870117187,0.627220703125,-1.429773437500,0.000000000000
2.491840124130,-0.839940429688,-0.444812500000,-0.173376953125,1.359607421875,0.089421875000,0.631985351563,-1.429773437500,0.000000000000
2.502016067505,-0.844583984375,-0.441615234375,-0.174541015625,1.353949218750,0.094753906250,0.636323242188,-1.429773437500,0.000000000000
2.512187004089,-0.849015625000,-0.438425781250,-0.175840820313,1.348436523437,0.100291992187,0.640455078125,-1.429773437500,0.000000000000
2.522361040115,-0.853453125000,-0.435029296875,-0.177140625000,1.342914062500,0.106038085937,0.644379882813,-1.429773437500,0.000000000000
2.532546043396,-0.857981445312,-0.431633789062,-0.178294921875,1.337544921875,0.111795898437,0.647698242188,-1.429773437500,0.000000000000
2.542728900909,-0.862419921875,-0.428031250000,-0.179458984375,1.332175781250,0.117541015625,0.650796875000,-1.429566406250,0.000000000000
2.552906036377,-0.866850585937,-0.424327148438,-0.180469726562,1.326518554688,0.123287109375,0.653895507813,-1.429566406250,0.000000000000
2.563081026077,-0.871185546875,-0.420519531250,-0.181625000000,1.321004882813,0.129032226562,0.656581054688,-1.429566406250,0.000000000000
2.573257923126,-0.875514648438,-0.416705078125,-0.182644531250,1.315635742188,0.134984375000,0.658646484375,-1.429566406250,0.000000000000
2.583436012268,-0.879946289063,-0.412691406250,-0.183519531250,1.310267578125,0.140729492187,0.660505859375,-1.429566406250,0.000000000000
2.593611955643,-0.884274414062,-0.408775390625,-0.184530273438,1.304888671875,0.146681640625,0.661951171875,-1.429566406250,0.000000000000
2.603786945343,-0.888609375000,-0.404658203125,-0.185251953125,1.299520507813,0.153046875000,0.663191406250,-1.429566406250,0.000000000000
2.613955020905,-0.892938476563,-0.400439453125,-0.186118164063,1.294151367188,0.158998046875,0.664223632812,-1.429566406250,0.000000000000
2.624130010605,-0.897273437500,-0.396117187500,-0.186984375000,1.288782226562,0.165169921875,0.664843750000,-1.429566406250,0.000000000000
2.634310007095,-0.901601562500,-0.391794921875,-0.187715820313,1.283557617188,0.171522460938,0.664843750000,-1.429566406250,0.000000000000
2.644490957260,-0.905821289063,-0.387370117187,-0.188292968750,1.278333007812,0.177487304688,0.664843750000,-1.429566406250,0.000000000000
2.654670953751,-0.910156250000,-0.382835937500,-0.188870117187,1.272955078125,0.183438476563,0.664636718750,-1.429566406250,0.000000000000
2.664848089218,-0.914381835937,-0.378307617188,-0.189448242188,1.267585937500,0.189390625000,0.664223632812,-1.429773437500,0.000000000000
2.675040006638,-0.918614257812,-0.373574218750,-0.189737304687,1.262217773437,0.195342773438,0.663397460937,-1.429773437500,0.000000000000
2.685224056244,-0.922839843750,-0.369045898438,-0.190169921875,1.256704101563,0.201087890625,0.662571289062,-1.429773437500,0.000000000000
2.695383071899,-0.927065429688,-0.364415039063,-0.190314453125,1.251326171875,0.206639648437,0.661538085937,-1.429979492187,0.000000000000
2.705531120300,-0.931084960938,-0.359777343750,-0.190603515625,1.245957031250,0.212385742188,0.660298828125,-1.429979492187,0.000000000000
2.715680122375,-0.935208007813,-0.355146484375,-0.190747070312,1.240444335937,0.217730468750,0.658646484375,-1.429979492187,0.000000000000
2.725824117661,-0.939331054688,-0.350515625000,-0.190747070312,1.234777343750,0.222856445313,0.657200195312,-1.430186523437,0.000000000000
2.735985040665,-0.943350585937,-0.345782226563,-0.190891601563,1.228975585938,0.227375000000,0.655753906250,-1.430186523437,0.000000000000
2.746139049530,-0.947376953125,-0.341151367187,-0.190891601563,1.223308593750,0.232100585937,0.654101562500,-1.430186523437,0.000000000000
2.756314992905,-0.951396484375,-0.336411132813,-0.190891601563,1.217650390625,0.236412109375,0.652449218750,-1.430186523437,0.000000000000
2.766469001770,-0.955410156250,-0.331670898437,-0.190891601563,1.211839843750,0.240518554687,0.651002929687,-1.430186523437,0.000000000000
2.776618003845,-0.959436523437,-0.326936523438,-0.190747070312,1.205883789063,0.244416992187,0.649763671875,-1.430186523437,0.000000000000
2.786785125732,-0.963353515625,-0.322100585938,-0.190747070312,1.199937500000,0.247916015625,0.648730468750,-1.430392578125,0.000000000000
2.796939134598,-0.967373046875,-0.317360351562,-0.190603515625,1.193982421875,0.251195312500,0.648111328125,-1.430392578125,0.000000000000
2.807100057602,-0.971290039062,-0.312625976563,-0.190603515625,1.188026367187,0.254488281250,0.647491210937,-1.430392578125,0.000000000000
2.817255020142,-0.975001953125,-0.307892578125,-0.190603515625,1.182071289063,0.257367187500,0.647285156250,-1.430392578125,0.000000000000
2.827404022217,-0.978809570313,-0.303055664063,-0.190603515625,1.175980468750,0.260233398437,0.647491210937,-1.430392578125,0.000000000000
2.837573051453,-0.982629882812,-0.298212890625,-0.190747070312,1.169880859375,0.262699218750,0.647698242188,-1.430392578125,0.000000000000
2.847732067108,-0.986340820313,-0.293375976562,-0.190891601563,1.163781250000,0.264958984375,0.648111328125,-1.430392578125,0.000000000000
2.857903957367,-0.990051757812,-0.288641601563,-0.191036132813,1.157680664062,0.267424804688,0.648730468750,-1.430392578125,0.000000000000
2.868282079697,-0.997474609375,-0.278859375000,-0.191036132813,1.145625976563,0.271737304688,0.650589843750,-1.430186523437,0.000000000000
2.878436088562,-1.001178710938,-0.273919921875,-0.191180664063,1.139669921875,0.273583007813,0.651829101562,-1.430186523437,0.000000000000
2.888603925705,-1.004889648438,-0.268876953125,-0.191180664063,1.133425781250,0.275429687500,0.653275390625,-1.430186523437,0.000000000000
2.898756980896,-1.008601562500,-0.264040039063,-0.191325195313,1.127479492187,0.277288085937,0.654927734375,-1.430186523437,0.000000000000
2.908913135529,-1.012312500000,-0.259197265625,-0.191325195313,1.121524414063,0.278928710937,0.656581054688,-1.430186523437,0.000000000000
2.919068098068,-1.016023437500,-0.254354492188,-0.191325195313,1.115424804687,0.280361328125,0.658646484375,-1.430186523437,0.000000000000
2.929224014282,-1.019637695312,-0.249517578125,-0.191325195313,1.109324218750,0.281807617188,0.660505859375,-1.430186523437,0.000000000000
2.939388036728,-1.023342773438,-0.244673828125,-0.191325195313,1.103080078125,0.283240234375,0.662778320312,-1.430186523437,0.000000000000
2.949543952942,-1.027053710937,-0.239940429688,-0.191325195313,1.096980468750,0.284673828125,0.665256835937,-1.430186523437,0.000000000000
2.959692001343,-1.030662109375,-0.235309570312,-0.191180664063,1.090880859375,0.285913085937,0.667322265625,-1.430186523437,0.000000000000
2.969856023788,-1.034270507813,-0.230671875000,-0.191325195313,1.084781250000,0.287346679687,0.669814453125,-1.430186523437,0.000000000000
2.980013132095,-1.037775390625,-0.226144531250,-0.191325195313,1.078537109375,0.288585937500,0.672086914062,-1.430186523437,0.000000000000
2.990179061890,-1.041487304687,-0.221719726562,-0.191325195313,1.072283203125,0.289605468750,0.674565429687,-1.429979492187,0.000000000000
3.000332117081,-1.045088867188,-0.217500000000,-0.191325195313,1.066039062500,0.290638671875,0.677458007812,-1.429979492187,0.000000000000
3.010478973389,-1.048799804688,-0.213274414063,-0.191469726562,1.060075195313,0.291658203125,0.680143554687,-1.429979492187,0.000000000000
3.020638942719,-1.052408203125,-0.209260742187,-0.191757812500,1.053830078125,0.292691406250,0.683242187500,-1.429773437500,0.000000000000
3.030797958374,-1.056016601563,-0.205144531250,-0.191902343750,1.047730468750,0.293504882812,0.686340820312,-1.429773437500,0.000000000000
3.040982961655,-1.059830078125,-0.201227539062,-0.192200195312,1.041775390625,0.294537109375,0.689439453125,-1.429773437500,0.000000000000
3.051163911819,-1.063541015625,-0.197419921875,-0.192633789063,1.035531250000,0.295364257812,0.692744140625,-1.429773437500,0.000000000000
3.061325073242,-1.067252929687,-0.193714843750,-0.193210937500,1.029575195313,0.296590820313,0.696049804687,-1.429773437500,0.000000000000
3.071494102478,-1.071060546875,-0.190010742187,-0.193788085937,1.023620117187,0.297623046875,0.699367187500,-1.429773437500,0.000000000000
3.081665992737,-1.074874023438,-0.186402343750,-0.194366210938,1.017520507813,0.298849609375,0.702878906250,-1.429773437500,0.000000000000
3.091867923737,-1.078688476562,-0.183005859375,-0.194943359375,1.011420898437,0.300088867187,0.706184570313,-1.429566406250,0.000000000000
3.102056026459,-1.082605468750,-0.179707031250,-0.195809570312,1.005320312500,0.301315429688,0.709489257813,-1.429566406250,0.000000000000
3.112219095230,-1.086522460937,-0.176516601562,-0.196531250000,0.999365234375,0.302749023437,0.713208007813,-1.429566406250,0.000000000000
3.122393131256,-1.090536132813,-0.173628906250,-0.197262695313,0.993553710938,0.304195312500,0.716926757813,-1.429566406250,0.000000000000
3.132574081421,-1.094658203125,-0.170644531250,-0.198273437500,0.987598632813,0.305421875000,0.720851562500,-1.429566406250,0.000000000000
3.142759084702,-1.098678710938,-0.167866210938,-0.199427734375,0.981499023437,0.306867187500,0.724569335937,-1.429566406250,0.000000000000
3.152947902679,-1.102800781250,-0.165086914063,-0.200438476562,0.975687500000,0.308300781250,0.728494140625,-1.429566406250,0.000000000000
3.163128137589,-1.106923828125,-0.162514648437,-0.201602539063,0.969876953125,0.309940429688,0.732625976562,-1.429566406250,0.000000000000
3.173305988312,-1.111149414063,-0.159935546875,-0.202902343750,0.964209960937,0.311592773438,0.736757812500,-1.429566406250,0.000000000000
3.183485031128,-1.115369140625,-0.157465820313,-0.204209960937,0.958398437500,0.313439453125,0.741095703125,-1.429566406250,0.000000000000
3.193659067154,-1.119594726562,-0.154892578125,-0.205798828125,0.952876953125,0.315285156250,0.745433593750,-1.429566406250,0.000000000000
3.203835010529,-1.123820312500,-0.152422851562,-0.207106445312,0.947209960937,0.317131835937,0.750184570312,-1.429360351562,0.000000000000
3.214011907578,-1.128148437500,-0.150056640625,-0.208695312500,0.941687500000,0.319184570313,0.754729492187,-1.429360351562,0.000000000000
3.224180936813,-1.132483398438,-0.147689453125,-0.210283203125,0.936318359375,0.321444335937,0.759274414062,-1.429360351562,0.000000000000
3.234360933304,-1.136805664062,-0.145316406250,-0.211879882813,0.931084960938,0.323910156250,0.764232421875,-1.429153320312,0.000000000000
3.244543075562,-1.141237304687,-0.142949218750,-0.213468750000,0.925851562500,0.326375976563,0.769189453125,-1.429153320312,0.000000000000
3.254718065262,-1.145668945312,-0.140582031250,-0.215201171875,0.920626953125,0.328841796875,0.774560546875,-1.429153320312,0.000000000000
3.264898061752,-1.150100585937,-0.138215820312,-0.216942382813,0.915538085937,0.331307617188,0.779931640625,-1.428934570313,0.000000000000
3.275075912476,-1.154634765625,-0.136054687500,-0.218674804688,0.910746093750,0.333980468750,0.785290039062,-1.428934570313,0.000000000000
3.285254955292,-1.159163085937,-0.133886718750,-0.220272460937,0.905955078125,0.336653320313,0.790867187500,-1.428934570313,0.000000000000
3.295423030853,-1.163697265625,-0.131828125000,-0.222149414062,0.901452148437,0.339532226562,0.796238281250,-1.428934570313,0.000000000000
3.305591106415,-1.168231445313,-0.129667968750,-0.223881835937,0.897093750000,0.341998046875,0.802229492187,-1.428934570313,0.000000000000
3.315762996674,-1.172765625000,-0.127711914062,-0.225767578125,0.892735351562,0.344658203125,0.808012695312,-1.428727539063,0.000000000000
3.325937032700,-1.177397460937,-0.125756835938,-0.227653320312,0.888666015625,0.347124023437,0.814197265625,-1.428727539063,0.000000000000
3.336113929749,-1.182034179688,-0.123801757812,-0.229674804688,0.884452148437,0.349589843750,0.820394531250,-1.428727539063,0.000000000000
3.346290111542,-1.186671875000,-0.121839843750,-0.231705078125,0.880526367187,0.352468750000,0.826178710937,-1.428727539063,0.000000000000
3.356463909149,-1.191206054688,-0.119884765625,-0.233870117188,0.876746093750,0.355141601563,0.831962890625,-1.428727539063,0.000000000000
3.366634130478,-1.195843750000,-0.117929687500,-0.236189453125,0.873118164062,0.358020507812,0.836908203125,-1.428727539063,0.000000000000
3.376810073853,-1.200577148438,-0.115974609375,-0.238499023438,0.869635742187,0.360693359375,0.841865234375,-1.428727539063,0.000000000000
3.386990070343,-1.205214843750,-0.114018554687,-0.240818359375,0.865999023438,0.363159179688,0.847236328125,-1.428727539063,0.000000000000
3.397167921066,-1.209955078125,-0.112166992187,-0.243127929687,0.862804687500,0.365625000000,0.851768554688,-1.428934570313,0.000000000000
3.407336950302,-1.214591796875,-0.110198242188,-0.245447265625,0.859457031250,0.367677734375,0.856312500000,-1.428934570313,0.000000000000
3.417505979538,-1.219229492187,-0.108345703125,-0.247757812500,0.856118164062,0.369730468750,0.860444335938,-1.429153320312,0.000000000000
3.427673101425,-1.223860351562,-0.106494140625,-0.249931640625,0.853068359375,0.371577148438,0.863956054688,-1.429153320312,0.000000000000
3.437839031219,-1.228497070312,-0.104744140625,-0.252106445312,0.849874023437,0.373229492188,0.867248046875,-1.429360351562,0.000000000000
3.448224067688,-1.237772460938,-0.101245117187,-0.256447265625,0.843918945313,0.375695312500,0.872413085937,-1.429360351562,0.000000000000
3.458385944366,-1.242299804688,-0.099598632813,-0.258612304688,0.840859375000,0.376508789063,0.874478515625,-1.429566406250,0.000000000000
3.468537092209,-1.246834960938,-0.097946289062,-0.260642578125,0.837954101563,0.377335937500,0.876130859375,-1.429566406250,0.000000000000
3.478693008423,-1.251369140625,-0.096402343750,-0.262664062500,0.835048828125,0.377955078125,0.877784179687,-1.429566406250,0.000000000000
3.488846063614,-1.255793945312,-0.094858398438,-0.264694335938,0.831999023437,0.378162109375,0.879010742187,-1.429566406250,0.000000000000
3.498990058899,-1.260225585938,-0.093417968750,-0.266715820313,0.829237304688,0.378368164063,0.880042968750,-1.429566406250,0.000000000000
3.509136915207,-1.264650390625,-0.092080078125,-0.268880859375,0.826476562500,0.378162109375,0.881282226562,-1.429566406250,0.000000000000
3.519278049469,-1.268979492187,-0.090742187500,-0.270767578125,0.823869140625,0.378162109375,0.882109375000,-1.429566406250,0.000000000000
3.529429912567,-1.273307617187,-0.089610351562,-0.272788085937,0.821396484375,0.377955078125,0.882728515625,-1.429566406250,0.000000000000
3.539582014084,-1.277533203125,-0.088581054687,-0.274665039063,0.819068359375,0.377749023437,0.883348632812,-1.429566406250,0.000000000000
3.549724102020,-1.281752929688,-0.087551757813,-0.276560546875,0.816749023437,0.377541992188,0.883967773437,-1.429566406250,0.000000000000
3.559881925583,-1.285869140625,-0.086722656250,-0.278292968750,0.814709960938,0.377541992188,0.884587890625,-1.429566406250,0.000000000000
3.570033073425,-1.289992187500,-0.085899414062,-0.280034179687,0.812679687500,0.377541992188,0.885414062500,-1.429566406250,0.000000000000
3.580186128616,-1.294114257813,-0.085178710937,-0.281622070312,0.810928710937,0.377335937500,0.886034179687,-1.429566406250,0.000000000000
3.590342044830,-1.298231445312,-0.084664062500,-0.283209960938,0.809187500000,0.376921875000,0.886447265625,-1.429566406250,0.000000000000
3.600502014160,-1.302353515625,-0.084046875000,-0.284798828125,0.807590820312,0.376921875000,0.887066406250,-1.429566406250,0.000000000000
3.610664129257,-1.306367187500,-0.083634765625,-0.286250976562,0.806282226563,0.376715820313,0.887686523437,-1.429566406250,0.000000000000
3.620829105377,-1.310380859375,-0.083223632813,-0.287839843750,0.805118164063,0.376508789063,0.888306640625,-1.429566406250,0.000000000000
3.630989074707,-1.314297851562,-0.083017578125,-0.289283203125,0.803962890625,0.376095703125,0.888925781250,-1.429566406250,0.000000000000
3.641154050827,-1.318214843750,-0.082811523438,-0.290736328125,0.803087890625,0.375695312500,0.889338867187,-1.429773437500,0.000000000000
3.651307106018,-1.322125000000,-0.082708984375,-0.292035156250,0.802356445313,0.375282226562,0.889958984375,-1.429773437500,0.000000000000
3.661457061768,-1.325932617188,-0.082708984375,-0.293479492188,0.801923828125,0.374663085937,0.890359375000,-1.429979492187,0.000000000000
3.671638011932,-1.329740234375,-0.082811523438,-0.294778320313,0.801346679687,0.374042968750,0.890565429687,-1.430186523437,0.000000000000
3.681807041168,-1.333451171875,-0.082811523438,-0.296231445313,0.801057617188,0.373229492188,0.890565429687,-1.430186523437,0.000000000000
3.691973924637,-1.337162109375,-0.082915039063,-0.297530273437,0.800759765625,0.372403320313,0.890359375000,-1.430392578125,0.000000000000
3.702126979828,-1.340764648437,-0.083017578125,-0.298685546875,0.800470703125,0.371371093750,0.890359375000,-1.430599609375,0.000000000000
3.712291955948,-1.344373046875,-0.083121093750,-0.299696289063,0.800326171875,0.370763671875,0.890152343750,-1.430599609375,0.000000000000
3.722455024719,-1.347865234375,-0.083326171875,-0.300851562500,0.800326171875,0.370144531250,0.889958984375,-1.430599609375,0.000000000000
3.732616901398,-1.351473632813,-0.083634765625,-0.301871093750,0.800326171875,0.369524414062,0.889751953125,-1.430599609375,0.000000000000
3.742780923843,-1.354972656250,-0.083944335938,-0.302890625000,0.800326171875,0.368904296875,0.889751953125,-1.430806640625,0.000000000000
3.752932071686,-1.358477539062,-0.084355468750,-0.303901367187,0.800326171875,0.368090820313,0.889545898437,-1.430806640625,0.000000000000
3.763088941574,-1.361976562500,-0.084767578125,-0.304912109375,0.800470703125,0.367264648438,0.889545898437,-1.430806640625,0.000000000000
3.773252010345,-1.365475585938,-0.085178710937,-0.305778320313,0.800615234375,0.366232421875,0.889545898437,-1.430806640625,0.000000000000
3.783406972885,-1.368974609375,-0.085487304688,-0.306797851563,0.800904296875,0.365005859375,0.889751953125,-1.430599609375,0.000000000000
3.793570041656,-1.372479492188,-0.085899414062,-0.307664062500,0.800904296875,0.363779296875,0.890152343750,-1.430599609375,0.000000000000
3.803721904755,-1.375978515625,-0.086310546875,-0.308530273438,0.801057617188,0.362539062500,0.890359375000,-1.430599609375,0.000000000000
3.813873052597,-1.379483398437,-0.086619140625,-0.309685546875,0.801057617188,0.361312500000,0.890565429687,-1.430599609375,0.000000000000
3.824033975601,-1.382982421875,-0.086928710938,-0.310551757812,0.801057617188,0.360073242187,0.890565429687,-1.430599609375,0.000000000000
3.834191083908,-1.386583984375,-0.087133789062,-0.311562500000,0.801057617188,0.359041015625,0.890565429687,-1.430599609375,0.000000000000
3.844372034073,-1.390186523437,-0.087339843750,-0.312582031250,0.800904296875,0.358020507812,0.890772460937,-1.430599609375,0.000000000000
3.854533910751,-1.393794921875,-0.087449218750,-0.313592773438,0.800904296875,0.357194335937,0.890565429687,-1.430599609375,0.000000000000
3.864686012268,-1.397602539062,-0.087551757813,-0.314458984375,0.800904296875,0.356574218750,0.890772460937,-1.430599609375,0.000000000000
3.874843120575,-1.401313476562,-0.087655273438,-0.315468750000,0.801057617188,0.356174804688,0.890978515625,-1.430599609375,0.000000000000
3.884998083115,-1.405121093750,-0.087655273438,-0.316334960938,0.801057617188,0.355967773438,0.891391601562,-1.430392578125,0.000000000000
3.895149946213,-1.409031250000,-0.087551757813,-0.317345703125,0.801202148438,0.355967773438,0.892011718750,-1.430392578125,0.000000000000
3.905309915543,-1.412942382813,-0.087551757813,-0.318365234375,0.801202148438,0.355967773438,0.892631835937,-1.430392578125,0.000000000000
3.915462017059,-1.416961914063,-0.087449218750,-0.319231445312,0.801346679687,0.355967773438,0.893458007812,-1.430392578125,0.000000000000
3.925621986389,-1.421078125000,-0.087339843750,-0.320098632813,0.801346679687,0.356174804688,0.894284179687,-1.430186523437,0.000000000000
3.935777902603,-1.425201171875,-0.087133789062,-0.321108398437,0.801346679687,0.356174804688,0.895317382812,-1.430186523437,0.000000000000
3.945930004120,-1.429414062500,-0.087031250000,-0.321974609375,0.801346679687,0.356174804688,0.896349609375,-1.430186523437,0.000000000000
3.956089019775,-1.433742187500,-0.086928710938,-0.322995117188,0.801346679687,0.356380859375,0.897588867187,-1.429979492187,0.000000000000
3.966238975525,-1.438166992187,-0.086722656250,-0.323861328125,0.801346679687,0.356781250000,0.898829101562,-1.429979492187,0.000000000000
3.976397991180,-1.442598632813,-0.086516601563,-0.324871093750,0.801346679687,0.357194335937,0.900274414062,-1.429979492187,0.000000000000
3.986560106277,-1.447017578125,-0.086414062500,-0.325881835937,0.801346679687,0.357607421875,0.901708007813,-1.429773437500,0.000000000000
3.996714115143,-1.451655273437,-0.086310546875,-0.326892578125,0.801346679687,0.358227539062,0.903154296875,-1.429773437500,0.000000000000
4.006870985031,-1.456388671875,-0.086310546875,-0.327903320313,0.801202148438,0.359247070313,0.904599609375,-1.429773437500,0.000000000000
4.017024040222,-1.461026367187,-0.086208007813,-0.328778320312,0.801202148438,0.360280273438,0.905838867187,-1.429773437500,0.000000000000
4.027179956436,-1.465862304687,-0.086208007813,-0.329789062500,0.801057617188,0.361506835937,0.907285156250,-1.429773437500,0.000000000000
4.037363052368,-1.470795898438,-0.086310546875,-0.330655273438,0.801057617188,0.363159179688,0.908524414062,-1.429773437500,0.000000000000
4.047528028488,-1.475638671875,-0.086414062500,-0.331531250000,0.801057617188,0.365005859375,0.909970703125,-1.429773437500,0.000000000000
4.057693004608,-1.480578125000,-0.086516601563,-0.332397460938,0.800904296875,0.366851562500,0.911623046875,-1.429773437500,0.000000000000
4.067847967148,-1.485524414062,-0.086722656250,-0.333263671875,0.800904296875,0.368904296875,0.913056640625,-1.429773437500,0.000000000000
4.078048944473,-1.490463867187,-0.086928710938,-0.333985351562,0.800904296875,0.371371093750,0.914295898438,-1.429773437500,0.000000000000
4.088220119476,-1.500349609375,-0.087551757813,-0.335293945313,0.800759765625,0.376508789063,0.916568359375,-1.429979492187,0.000000000000
4.098433971405,-1.505295898438,-0.087861328125,-0.335871093750,0.800759765625,0.379594726562,0.916981445313,-1.429979492187,0.000000000000
4.108622074127,-1.510332031250,-0.088169921875,-0.336448242188,0.800615234375,0.383093750000,0.917394531250,-1.429979492187,0.000000000000
4.118788003922,-1.515271484375,-0.088581054687,-0.337026367188,0.800615234375,0.386373046875,0.917807617188,-1.429979492187,0.000000000000
4.128951072693,-1.520320312500,-0.088993164063,-0.337458984375,0.800615234375,0.389872070312,0.917807617188,-1.429979492187,0.000000000000
4.139112949371,-1.525363281250,-0.089507812500,-0.337892578125,0.800615234375,0.393358398437,0.917807617188,-1.429979492187,0.000000000000
4.149267911911,-1.530501953125,-0.090021484375,-0.338325195312,0.800615234375,0.396856445312,0.917807617188,-1.430186523437,0.000000000000
4.159429073334,-1.535448242187,-0.090639648437,-0.338614257812,0.800615234375,0.400355468750,0.917807617188,-1.430186523437,0.000000000000
4.169582128525,-1.540490234375,-0.091256835938,-0.338903320312,0.800615234375,0.404047851563,0.917601562500,-1.430186523437,0.000000000000
4.179734945297,-1.545327148437,-0.091977539063,-0.339191406250,0.800615234375,0.407546875000,0.917394531250,-1.430392578125,0.000000000000
4.189896106720,-1.550164062500,-0.092697265625,-0.339480468750,0.800615234375,0.410826171875,0.916981445313,-1.430392578125,0.000000000000
4.200050115585,-1.555000976562,-0.093520507813,-0.339769531250,0.800470703125,0.414119140625,0.916568359375,-1.430392578125,0.000000000000
4.210211038589,-1.559734375000,-0.094447265625,-0.339922851563,0.800470703125,0.417204101562,0.916155273438,-1.430392578125,0.000000000000
4.220364093781,-1.564365234375,-0.095373046875,-0.340210937500,0.800470703125,0.420083984375,0.915535156250,-1.430392578125,0.000000000000
4.230519056320,-1.569002929688,-0.096402343750,-0.340355468750,0.800615234375,0.422755859375,0.915122070313,-1.430392578125,0.000000000000
4.240680932999,-1.573421875000,-0.097534179688,-0.340500000000,0.800615234375,0.425015625000,0.914708984375,-1.430392578125,0.000000000000
4.250836133957,-1.577949218750,-0.098666015625,-0.340644531250,0.800759765625,0.426862304688,0.914295898438,-1.430392578125,0.000000000000
4.261002063751,-1.582374023438,-0.099907226563,-0.340789062500,0.800759765625,0.428101562500,0.914089843750,-1.430392578125,0.000000000000
4.271157026291,-1.586799804688,-0.101245117187,-0.340933593750,0.800904296875,0.429121093750,0.914089843750,-1.430392578125,0.000000000000
4.281311035156,-1.591224609375,-0.102480468750,-0.341077148437,0.801057617188,0.429534179688,0.914089843750,-1.430186523437,0.000000000000
4.291472911835,-1.595546875000,-0.103818359375,-0.341510742187,0.801057617188,0.429328125000,0.914089843750,-1.430186523437,0.000000000000
4.301628112793,-1.599765625000,-0.105156250000,-0.341944335938,0.801202148438,0.429121093750,0.914295898438,-1.430186523437,0.000000000000
4.311777114868,-1.603985351562,-0.106494140625,-0.342376953125,0.801346679687,0.428514648437,0.914502929688,-1.430186523437,0.000000000000
4.321936130524,-1.608307617187,-0.107728515625,-0.342954101563,0.801490234375,0.427688476562,0.914916015625,-1.430186523437,0.000000000000
4.332092046738,-1.612520507813,-0.108860351562,-0.343532226562,0.801634765625,0.426655273437,0.915535156250,-1.429979492187,0.000000000000
4.342247009277,-1.616739257812,-0.109992187500,-0.344398437500,0.801634765625,0.425015625000,0.916361328125,-1.429979492187,0.000000000000
4.352415084839,-1.620862304687,-0.111034179687,-0.345120117188,0.801634765625,0.423168945312,0.917188476563,-1.429979492187,0.000000000000
4.362575054169,-1.625082031250,-0.111960937500,-0.345995117187,0.801634765625,0.421103515625,0.918220703125,-1.429979492187,0.000000000000
4.372741937637,-1.629094726562,-0.112886718750,-0.347005859375,0.801634765625,0.418637695313,0.919253906250,-1.429979492187,0.000000000000
4.382908105850,-1.633101562500,-0.113709960937,-0.348016601563,0.801490234375,0.415771484375,0.920493164063,-1.429979492187,0.000000000000
4.393069028854,-1.637115234375,-0.114533203125,-0.349171875000,0.801346679687,0.412892578125,0.921926757812,-1.429979492187,0.000000000000
4.403221130371,-1.641128906250,-0.115253906250,-0.350182617187,0.801346679687,0.410012695313,0.923372070313,-1.429979492187,0.000000000000
4.413373947144,-1.644936523437,-0.115974609375,-0.351490234375,0.801346679687,0.406927734375,0.925025390625,-1.429979492187,0.000000000000
4.423531055450,-1.648846679688,-0.116694335938,-0.352645507812,0.801490234375,0.403841796875,0.926883789063,-1.430186523437,0.000000000000
4.433685064316,-1.652648437500,-0.117312500000,-0.353945312500,0.801490234375,0.400755859375,0.928537109375,-1.430186523437,0.000000000000
4.443845033646,-1.656456054688,-0.117929687500,-0.355244140625,0.801634765625,0.397683593750,0.930395507813,-1.430186523437,0.000000000000
4.454020023346,-1.660160156250,-0.118444335938,-0.356543945312,0.801634765625,0.395010742187,0.932449218750,-1.430186523437,0.000000000000
4.464184045792,-1.663865234375,-0.118958984375,-0.357852539062,0.801779296875,0.392131835938,0.934514648437,-1.429979492187,0.000000000000
4.474347114563,-1.667466796875,-0.119472656250,-0.359151367188,0.801779296875,0.389458984375,0.936787109375,-1.429979492187,0.000000000000
4.484509944916,-1.671171875000,-0.119987304688,-0.360451171875,0.801779296875,0.386786132813,0.939059570312,-1.429979492187,0.000000000000
4.494676113129,-1.674664062500,-0.120399414063,-0.361759765625,0.801923828125,0.383907226562,0.941525390625,-1.429979492187,0.000000000000
4.504832029343,-1.678265625000,-0.120914062500,-0.363058593750,0.801923828125,0.381028320313,0.944003906250,-1.429979492187,0.000000000000
4.514981031418,-1.681764648437,-0.121325195312,-0.364367187500,0.802068359375,0.378162109375,0.946483398437,-1.429979492187,0.000000000000
4.525140047073,-1.685263671875,-0.121737304688,-0.365522460938,0.802212890625,0.375076171875,0.948949218750,-1.429979492187,0.000000000000
4.535299062729,-1.688762695312,-0.122251953125,-0.366821289062,0.802510742187,0.372403320313,0.951634765625,-1.429979492187,0.000000000000
4.545453071594,-1.692158203125,-0.122772460937,-0.367832031250,0.802798828125,0.369524414062,0.954320312500,-1.429979492187,0.000000000000
4.555612087250,-1.695547851562,-0.123287109375,-0.368842773437,0.803232421875,0.366645507812,0.956992187500,-1.429979492187,0.000000000000
4.565767049789,-1.698944335938,-0.123904296875,-0.369862304687,0.803809570312,0.363972656250,0.959471679688,-1.429979492187,0.000000000000
4.575922966003,-1.702339843750,-0.124418945313,-0.370583984375,0.804396484375,0.361506835937,0.962157226563,-1.429979492187,0.000000000000
4.586081981659,-1.705632812500,-0.125036132813,-0.371450195313,0.805118164063,0.359041015625,0.964635742188,-1.429979492187,0.000000000000
4.596235990524,-1.708926757813,-0.125654296875,-0.372028320312,0.805993164062,0.356988281250,0.967101562500,-1.429979492187,0.000000000000
4.606415033340,-1.712116210938,-0.126374023438,-0.372460937500,0.806868164062,0.355141601563,0.969581054687,-1.430186523437,0.000000000000
4.616569042206,-1.715403320313,-0.126992187500,-0.372894531250,0.807734375000,0.353501953125,0.972059570313,-1.430186523437,0.000000000000
4.626742124557,-1.718593750000,-0.127815429688,-0.373182617188,0.808898437500,0.352055664062,0.974112304687,-1.430186523437,0.000000000000
4.636910915375,-1.721783203125,-0.128638671875,-0.373327148437,0.810062500000,0.350829101563,0.975971679687,-1.430186523437,0.000000000000
4.647068023682,-1.724871093750,-0.129564453125,-0.373327148437,0.811371093750,0.349796875000,0.977624023437,-1.430186523437,0.000000000000
4.657236099243,-1.728054687500,-0.130491210937,-0.373327148437,0.812679687500,0.348776367187,0.979070312500,-1.430186523437,0.000000000000
4.667402982712,-1.731141601563,-0.131416992187,-0.373182617188,0.814132812500,0.347743164062,0.980089843750,-1.430186523437,0.000000000000
4.677591085434,-1.734228515625,-0.132446289062,-0.373182617188,0.815584960937,0.346930664063,0.980916015625,-1.430392578125,0.000000000000
4.687773942947,-1.737207031250,-0.133475585938,-0.373182617188,0.817182617187,0.346103515625,0.981330078125,-1.430392578125,0.000000000000
4.698168039322,-1.743072265625,-0.135745117187,-0.373182617188,0.820665039062,0.344864257813,0.981536132812,-1.430392578125,0.000000000000
4.708355903625,-1.745851562500,-0.136877929688,-0.373182617188,0.822560546875,0.344463867187,0.981536132812,-1.430392578125,0.000000000000
4.718528032303,-1.748527343750,-0.137906250000,-0.373182617188,0.824590820312,0.343844726562,0.981536132812,-1.430392578125,0.000000000000
4.728694915771,-1.751305664062,-0.139039062500,-0.373182617188,0.826774414062,0.343224609375,0.981330078125,-1.430392578125,0.000000000000
4.738867044449,-1.753877929688,-0.140273437500,-0.373182617188,0.829092773437,0.342605468750,0.981123046875,-1.430392578125,0.000000000000
4.749036073685,-1.756444335937,-0.141405273438,-0.373182617188,0.831565429688,0.341998046875,0.980709960937,-1.430392578125,0.000000000000
4.759202957153,-1.759010742188,-0.142640625000,-0.373039062500,0.834327148437,0.341171875000,0.980296875000,-1.430392578125,0.000000000000
4.769375085831,-1.761480468750,-0.143772460938,-0.373039062500,0.837087890625,0.340138671875,0.979883789062,-1.430392578125,0.000000000000
4.779550075531,-1.763744140625,-0.144801757812,-0.372894531250,0.839993164063,0.338912109375,0.978863281250,-1.430392578125,0.000000000000
4.789717912674,-1.766008789063,-0.145727539062,-0.372750000000,0.843332031250,0.337672851562,0.977831054687,-1.430392578125,0.000000000000
4.799886941910,-1.768169921875,-0.146654296875,-0.372750000000,0.846237304688,0.336653320313,0.976384765625,-1.430392578125,0.000000000000
4.810054063797,-1.770331054687,-0.147586914062,-0.372605468750,0.849431640625,0.335620117188,0.974525390625,-1.430392578125,0.000000000000
4.820219993591,-1.772286132812,-0.148410156250,-0.372605468750,0.853068359375,0.334393554687,0.972266601562,-1.430392578125,0.000000000000
4.830409049988,-1.774241210938,-0.149335937500,-0.372460937500,0.856849609375,0.333360351562,0.969374023438,-1.430392578125,0.000000000000
4.840579032898,-1.776196289063,-0.150159179688,-0.372316406250,0.860910156250,0.332547851562,0.966275390625,-1.430392578125,0.000000000000
4.850744962692,-1.777939453125,-0.151084960938,-0.372028320312,0.865268554687,0.331927734375,0.962363281250,-1.430392578125,0.000000000000
4.860908031464,-1.779785156250,-0.151805664063,-0.371739257813,0.869780273437,0.331101562500,0.958851562500,-1.430392578125,0.000000000000
4.871074914932,-1.781431640625,-0.152526367188,-0.371450195313,0.874282226562,0.330081054687,0.954939453125,-1.430392578125,0.000000000000
4.881259918213,-1.783078125000,-0.153246093750,-0.371017578125,0.878929687500,0.329461914063,0.950601562500,-1.430186523437,0.000000000000
4.891436100006,-1.784622070312,-0.153864257812,-0.370583984375,0.883865234375,0.329048828125,0.945656250000,-1.430186523437,0.000000000000
4.901607036591,-1.786062500000,-0.154481445312,-0.370151367188,0.889098632813,0.328635742188,0.940079101562,-1.430186523437,0.000000000000
4.911776065826,-1.787400390625,-0.155098632812,-0.369573242187,0.894476562500,0.328635742188,0.934101562500,-1.430186523437,0.000000000000
4.921946048737,-1.788635742188,-0.155715820313,-0.368987304688,0.899999023438,0.328841796875,0.927710937500,-1.429979492187,0.000000000000
4.932120084763,-1.789870117187,-0.156333984375,-0.368409179687,0.905512695313,0.329048828125,0.921113281250,-1.429979492187,0.000000000000
4.942290067673,-1.791001953125,-0.156848632812,-0.367832031250,0.911179687500,0.329048828125,0.914295898438,-1.429979492187,0.000000000000
4.952457904816,-1.792031250000,-0.157465820313,-0.367399414062,0.916845703125,0.329461914063,0.907285156250,-1.429979492187,0.000000000000
4.962623119354,-1.793060546875,-0.157980468750,-0.366676757812,0.923099609375,0.330081054687,0.899655273437,-1.429979492187,0.000000000000
4.972790956497,-1.793986328125,-0.158597656250,-0.365955078125,0.929343750000,0.331101562500,0.890978515625,-1.429979492187,0.000000000000
4.982978105545,-1.794809570312,-0.159009765625,-0.365377929687,0.935443359375,0.332340820313,0.882315429687,-1.429979492187,0.000000000000
4.993164062500,-1.795427734375,-0.159318359375,-0.364799804688,0.941398437500,0.333980468750,0.873239257813,-1.429979492187,0.000000000000
5.003340005875,-1.796147460938,-0.159626953125,-0.364078125000,0.947499023438,0.336033203125,0.864576171875,-1.429979492187,0.000000000000
5.013516902924,-1.796765625000,-0.160038085937,-0.363500976563,0.953454101562,0.338706054687,0.855899414063,-1.429979492187,0.000000000000
5.023680925369,-1.797176757812,-0.160559570313,-0.362769531250,0.959707031250,0.342205078125,0.845997070313,-1.429979492187,0.000000000000
5.033873081207,-1.797588867187,-0.160868164063,-0.362336914063,0.965663085938,0.345484375000,0.836495117188,-1.429979492187,0.000000000000
5.044050931931,-1.797994140625,-0.161074218750,-0.362047851563,0.971329101562,0.348776367187,0.827211914063,-1.429979492187,0.000000000000
5.054225921631,-1.798302734375,-0.161382812500,-0.361903320312,0.976987304687,0.352468750000,0.817916015625,-1.429979492187,0.000000000000
5.064394950867,-1.798611328125,-0.161897460937,-0.361615234375,0.982951171875,0.356174804688,0.808425781250,-1.429979492187,0.000000000000
5.074563980103,-1.798913085937,-0.162206054687,-0.361470703125,0.988907226562,0.360073242187,0.798923828125,-1.430186523437,0.000000000000
5.084738016129,-1.799119140625,-0.162514648437,-0.361615234375,0.994717773438,0.364179687500,0.789627929687,-1.430186523437,0.000000000000
5.094919919968,-1.799222656250,-0.162617187500,-0.361759765625,1.000231445313,0.368090820313,0.781365234375,-1.430186523437,0.000000000000
5.105094909668,-1.799427734375,-0.162926757812,-0.361903320312,1.005898437500,0.371990234375,0.773321289062,-1.430186523437,0.000000000000
5.115261077881,-1.799633789063,-0.163235351562,-0.361759765625,1.011564453125,0.375695312500,0.764851562500,-1.430186523437,0.000000000000
5.125427961349,-1.799839843750,-0.163337890625,-0.361759765625,1.016942382812,0.379388671875,0.756794921875,-1.430186523437,0.000000000000
5.135599136353,-1.799942382813,-0.163543945312,-0.361615234375,1.022456054687,0.383700195312,0.748532226562,-1.430186523437,0.000000000000
5.145769119263,-1.799942382813,-0.163646484375,-0.361470703125,1.027833984375,0.387406250000,0.741095703125,-1.430186523437,0.000000000000
5.155935049057,-1.800045898438,-0.163646484375,-0.361615234375,1.032914062500,0.390891601563,0.734691406250,-1.430186523437,0.000000000000
5.166100025177,-1.800045898438,-0.163750000000,-0.361470703125,1.038147460938,0.394597656250,0.727667968750,-1.430186523437,0.000000000000
5.176280975342,-1.800045898438,-0.163750000000,-0.361470703125,1.043227539063,0.398096679688,0.721264648438,-1.430186523437,0.000000000000
5.186453104019,-1.800045898438,-0.163750000000,-0.361470703125,1.048894531250,0.401995117187,0.715067382813,-1.430186523437,0.000000000000
5.196624994278,-1.799942382813,-0.163852539062,-0.361326171875,1.053397460938,0.405701171875,0.709076171875,-1.430392578125,0.000000000000
5.206792116165,-1.799942382813,-0.163852539062,-0.361181640625,1.058188476563,0.408980468750,0.704325195313,-1.430392578125,0.000000000000
5.216959953308,-1.799839843750,-0.163750000000,-0.361037109375,1.063278320313,0.412892578125,0.700193359375,-1.430392578125,0.000000000000
5.227128028870,-1.799633789063,-0.163646484375,-0.360883789063,1.067203125000,0.416171875000,0.696049804687,-1.430392578125,0.000000000000
5.237302064896,-1.799531250000,-0.163543945312,-0.360883789063,1.071561523437,0.419670898437,0.692331054688,-1.430392578125,0.000000000000
5.247472047806,-1.799325195313,-0.163440429687,-0.360739257812,1.075775390625,0.423168945312,0.689439453125,-1.430392578125,0.000000000000
5.257653951645,-1.799119140625,-0.163337890625,-0.360595703125,1.079989257813,0.426862304688,0.687166992187,-1.430392578125,0.000000000000
5.267822980881,-1.798913085937,-0.163337890625,-0.360595703125,1.083905273438,0.430567382813,0.685307617187,-1.430392578125,0.000000000000
5.278242111206,-1.798302734375,-0.163440429687,-0.360739257812,1.091169921875,0.437138671875,0.683448242187,-1.430392578125,0.000000000000
5.288422107697,-1.797994140625,-0.163440429687,-0.360883789063,1.094941406250,0.440637695313,0.683242187500,-1.430392578125,0.000000000000
5.298593997955,-1.797684570312,-0.163543945312,-0.360883789063,1.098135742187,0.443723632812,0.683242187500,-1.430392578125,0.000000000000
5.308761119843,-1.797382812500,-0.163646484375,-0.360739257812,1.101041015625,0.446602539063,0.683448242187,-1.430392578125,0.000000000000
5.318923950195,-1.796970703125,-0.163750000000,-0.360883789063,1.104090820312,0.449481445313,0.683448242187,-1.430392578125,0.000000000000
5.329087972641,-1.796662109375,-0.163750000000,-0.360883789063,1.107285156250,0.452760742188,0.683448242187,-1.430392578125,0.000000000000
5.339251995087,-1.796353515625,-0.163750000000,-0.360883789063,1.109902343750,0.455433593750,0.683448242187,-1.430392578125,0.000000000000
5.349421977997,-1.796147460938,-0.163852539062,-0.361037109375,1.112663085937,0.458312500000,0.683448242187,-1.430392578125,0.000000000000
5.359595060349,-1.795942382813,-0.163852539062,-0.361037109375,1.115135742187,0.460779296875,0.683448242187,-1.430392578125,0.000000000000
5.369760036469,-1.795736328125,-0.163750000000,-0.361037109375,1.117598632813,0.463245117187,0.683448242187,-1.430392578125,0.000000000000
5.379916906357,-1.795736328125,-0.163646484375,-0.360883789063,1.120071289062,0.465503906250,0.683242187500,-1.430392578125,0.000000000000
5.390084028244,-1.795736328125,-0.163440429687,-0.360883789063,1.121957031250,0.467363281250,0.683035156250,-1.430392578125,0.000000000000
5.400259017944,-1.795838867188,-0.163235351562,-0.360883789063,1.123842773438,0.469209960938,0.682829101562,-1.430392578125,0.000000000000
5.410423040390,-1.795942382813,-0.163029296875,-0.360883789063,1.125584960937,0.471055664062,0.682415039063,-1.430392578125,0.000000000000
5.420591115952,-1.796044921875,-0.162720703125,-0.360739257812,1.127181640625,0.473122070312,0.682001953125,-1.430392578125,0.000000000000
5.430757999420,-1.796250976563,-0.162412109375,-0.360739257812,1.128490234375,0.474967773438,0.681382812500,-1.430392578125,0.000000000000
5.440926074982,-1.796353515625,-0.161897460937,-0.360739257812,1.129654296875,0.476814453125,0.680556640625,-1.430186523437,0.000000000000
5.451093912125,-1.796559570312,-0.161382812500,-0.360883789063,1.130818359375,0.478673828125,0.679730468750,-1.430186523437,0.000000000000
5.461261034012,-1.796662109375,-0.160765625000,-0.360883789063,1.131684570313,0.480519531250,0.678697265625,-1.429979492187,0.000000000000
5.471426963806,-1.796868164062,-0.159935546875,-0.361037109375,1.132559570312,0.482572265625,0.677871093750,-1.429979492187,0.000000000000
5.481594085693,-1.797176757812,-0.159112304688,-0.360883789063,1.133137695313,0.484225585937,0.676837890625,-1.429979492187,0.000000000000
5.491759061813,-1.797382812500,-0.158186523438,-0.360883789063,1.133570312500,0.486278320313,0.676011718750,-1.429979492187,0.000000000000
5.501924991608,-1.797588867187,-0.157053710938,-0.360739257812,1.133868164062,0.488331054687,0.674978515625,-1.429979492187,0.000000000000
5.512089967728,-1.797788085937,-0.155819335937,-0.360739257812,1.134012695313,0.490589843750,0.673739257812,-1.429979492187,0.000000000000
5.522253036499,-1.797994140625,-0.154481445312,-0.360595703125,1.133868164062,0.493262695312,0.672706054687,-1.429979492187,0.000000000000
5.532424926758,-1.798199218750,-0.153143554687,-0.360595703125,1.133723632812,0.495728515625,0.671466796875,-1.429979492187,0.000000000000
5.542593955994,-1.798302734375,-0.151703125000,-0.360595703125,1.133570312500,0.498608398437,0.670434570312,-1.429979492187,0.000000000000
5.552761077881,-1.798405273438,-0.150159179688,-0.360595703125,1.133425781250,0.501900390625,0.668988281250,-1.429979492187,0.000000000000
5.562927961349,-1.798507812500,-0.148615234375,-0.360595703125,1.133282226562,0.504779296875,0.667529296875,-1.429979492187,0.000000000000
5.573096036911,-1.798611328125,-0.147065429687,-0.360595703125,1.132993164062,0.508071289062,0.666083007812,-1.429979492187,0.000000000000
5.583266973495,-1.798611328125,-0.145418945312,-0.360739257812,1.132848632813,0.511570312500,0.664430664062,-1.429979492187,0.000000000000
5.593436956406,-1.798611328125,-0.143875000000,-0.360883789063,1.132704101562,0.515262695313,0.662984375000,-1.429979492187,0.000000000000
5.603605985641,-1.798713867188,-0.142332031250,-0.360883789063,1.132704101562,0.518761718750,0.661538085937,-1.429979492187,0.000000000000
5.613770961761,-1.798817382813,-0.140685546875,-0.360883789063,1.132415039063,0.522467773437,0.660092773437,-1.429979492187,0.000000000000
5.623950004578,-1.798817382813,-0.139039062500,-0.360883789063,1.132271484375,0.525965820313,0.658439453125,-1.429979492187,0.000000000000
5.634126901627,-1.798817382813,-0.137391601562,-0.361037109375,1.132271484375,0.529659179687,0.656787109375,-1.429979492187,0.000000000000
5.644308090210,-1.798817382813,-0.135848632813,-0.361037109375,1.132126953125,0.533777343750,0.655134765625,-1.430186523437,0.000000000000
5.654475927353,-1.798817382813,-0.134298828125,-0.361037109375,1.132126953125,0.537069335937,0.653275390625,-1.430186523437,0.000000000000
5.664638996124,-1.798817382813,-0.132754882813,-0.361037109375,1.132126953125,0.540568359375,0.651623046875,-1.430186523437,0.000000000000
5.674827098846,-1.798817382813,-0.131416992187,-0.361037109375,1.132126953125,0.544067382812,0.649763671875,-1.430186523437,0.000000000000
5.685009956360,-1.798817382813,-0.130079101562,-0.361037109375,1.132271484375,0.547346679687,0.648111328125,-1.430186523437,0.000000000000
5.695178985596,-1.798713867188,-0.128741210937,-0.361037109375,1.132271484375,0.550225585938,0.646445312500,-1.430186523437,0.000000000000
5.705348968506,-1.798713867188,-0.127609375000,-0.361181640625,1.132271484375,0.553105468750,0.645000000000,-1.430186523437,0.000000000000
5.715513944626,-1.798611328125,-0.126477539063,-0.361181640625,1.132271484375,0.555790039063,0.643346679688,-1.430186523437,0.000000000000
5.725678920746,-1.798611328125,-0.125654296875,-0.361326171875,1.132126953125,0.557843750000,0.642107421875,-1.430186523437,0.000000000000
5.735852003098,-1.798611328125,-0.124831054687,-0.361326171875,1.132126953125,0.559896484375,0.640868164063,-1.430186523437,0.000000000000
5.746021032333,-1.798611328125,-0.124212890625,-0.361326171875,1.132126953125,0.561754882812,0.640041992188,-1.430186523437,0.000000000000
5.756187915802,-1.798611328125,-0.123699218750,-0.361326171875,1.132126953125,0.563188476563,0.639421875000,-1.430186523437,0.000000000000
5.766360998154,-1.798611328125,-0.123287109375,-0.361326171875,1.132126953125,0.564634765625,0.639008789063,-1.430186523437,0.000000000000
5.776529073715,-1.798611328125,-0.123081054687,-0.361326171875,1.132271484375,0.565861328125,0.639008789063,-1.430186523437,0.000000000000
5.786701917648,-1.798713867188,-0.122978515625,-0.361326171875,1.132271484375,0.566687500000,0.639008789063,-1.430186523437,0.000000000000
5.796870946884,-1.798713867188,-0.122978515625,-0.361326171875,1.132271484375,0.567306640625,0.639008789063,-1.430186523437,0.000000000000
5.807038068771,-1.798713867188,-0.122978515625,-0.361470703125,1.132415039063,0.567926757813,0.639008789063,-1.429979492187,0.000000000000
5.817203998566,-1.798713867188,-0.123081054687,-0.361615234375,1.132415039063,0.568120117187,0.639008789063,-1.429979492187,0.000000000000
5.827366113663,-1.798817382813,-0.123184570313,-0.361759765625,1.132271484375,0.568533203125,0.639008789063,-1.429979492187,0.000000000000
5.837536096573,-1.798817382813,-0.123287109375,-0.361903320312,1.132271484375,0.568946289062,0.639008789063,-1.429979492187,0.000000000000
5.847703933716,-1.798913085937,-0.123389648437,-0.362047851563,1.132271484375,0.569153320312,0.639008789063,-1.429979492187,0.000000000000
5.857876062393,-1.798913085937,-0.123595703125,-0.362336914063,1.132126953125,0.569566406250,0.639008789063,-1.429979492187,0.000000000000
5.868160963058,-1.798913085937,-0.123699218750,-0.362769531250,1.132126953125,0.569773437500,0.639008789063,-1.429979492187,0.000000000000
5.878336906433,-1.798913085937,-0.123904296875,-0.363645507812,1.131973632813,0.570392578125,0.638802734375,-1.429979492187,0.000000000000
5.888509035110,-1.798913085937,-0.124110351562,-0.364078125000,1.131973632813,0.570599609375,0.638595703125,-1.429773437500,0.000000000000
5.898675918579,-1.799222656250,-0.124110351562,-0.364511718750,1.131395507812,0.569773437500,0.639215820313,-1.429773437500,0.000000000000
5.908842086792,-1.799531250000,-0.124110351562,-0.364656250000,1.130673828125,0.569153320312,0.639834960938,-1.429773437500,0.000000000000
5.919008970261,-1.799633789063,-0.124316406250,-0.364799804688,1.130818359375,0.570392578125,0.638182617188,-1.429773437500,0.000000000000
5.929172992706,-1.799736328125,-0.124212890625,-0.365377929687,1.130231445312,0.569979492187,0.638595703125,-1.429773437500,0.000000000000
5.939342975616,-1.800045898438,-0.124212890625,-0.365666015625,1.129943359375,0.569979492187,0.639215820313,-1.429773437500,0.000000000000
5.949512004852,-1.800250976563,-0.124418945313,-0.365666015625,1.130231445312,0.570392578125,0.638182617188,-1.429773437500,0.000000000000
5.959677934647,-1.800457031250,-0.124522460937,-0.365955078125,1.130087890625,0.569979492187,0.639008789063,-1.429773437500,0.000000000000
5.969842910767,-1.800559570312,-0.124522460937,-0.366388671875,1.129943359375,0.569566406250,0.639421875000,-1.429773437500,0.000000000000
5.980008125305,-1.800559570312,-0.124625000000,-0.366676757812,1.130375976563,0.569979492187,0.638595703125,-1.429773437500,0.000000000000
5.990175962448,-1.800663085937,-0.124625000000,-0.366965820313,1.130087890625,0.569566406250,0.639008789063,-1.429773437500,0.000000000000
6.000340938568,-1.800765625000,-0.124625000000,-0.367110351562,1.130087890625,0.569566406250,0.639421875000,-1.429773437500,0.000000000000
6.010504961014,-1.800765625000,-0.124625000000,-0.367399414062,1.130375976563,0.569773437500,0.638802734375,-1.429773437500,0.000000000000
6.020668029785,-1.800765625000,-0.124522460937,-0.367687500000,1.130231445312,0.569566406250,0.639008789063,-1.429773437500,0.000000000000
6.030846118927,-1.800765625000,-0.124522460937,-0.367687500000,1.130231445312,0.569566406250,0.639215820313,-1.429773437500,0.000000000000
6.041033983231,-1.800765625000,-0.124625000000,-0.367687500000,1.130231445312,0.569773437500,0.639008789063,-1.429773437500,0.000000000000
6.051223039627,-1.800765625000,-0.124522460937,-0.367687500000,1.130087890625,0.569773437500,0.639008789063,-1.429773437500,0.000000000000
6.061402082443,-1.800663085937,-0.124522460937,-0.367687500000,1.130087890625,0.569979492187,0.638802734375,-1.429773437500,0.000000000000
6.071576118469,-1.800663085937,-0.124522460937,-0.367687500000,1.129943359375,0.569979492187,0.638802734375,-1.429773437500,0.000000000000
6.081756114960,-1.800559570312,-0.124625000000,-0.367542968750,1.129798828125,0.569979492187,0.638802734375,-1.429773437500,0.000000000000
6.091965913773,-1.800559570312,-0.124727539063,-0.367542968750,1.129798828125,0.570186523437,0.638802734375,-1.429773437500,0.000000000000
6.102162122726,-1.800457031250,-0.124727539063,-0.367687500000,1.129798828125,0.570186523437,0.638802734375,-1.429773437500,0.000000000000
6.112337112427,-1.800457031250,-0.124831054687,-0.367687500000,1.129798828125,0.570186523437,0.638802734375,-1.429773437500,0.000000000000
6.122514963150,-1.800354492188,-0.124933593750,-0.367687500000,1.129798828125,0.570186523437,0.638802734375,-1.429773437500,0.000000000000
6.132704019547,-1.800354492188,-0.125036132813,-0.367687500000,1.129798828125,0.570186523437,0.638802734375,-1.429773437500,0.000000000000
6.142879962921,-1.800250976563,-0.125036132813,-0.367687500000,1.129798828125,0.570186523437,0.638802734375,-1.429773437500,0.000000000000
6.153052091599,-1.800250976563,-0.125139648438,-0.367542968750,1.129654296875,0.570392578125,0.638802734375,-1.429773437500,0.000000000000
6.163231134415,-1.800148437500,-0.125139648438,-0.367542968750,1.129654296875,0.570392578125,0.639008789063,-1.429773437500,0.000000000000
6.173399925232,-1.800148437500,-0.125242187500,-0.367542968750,1.129654296875,0.570392578125,0.639008789063,-1.429773437500,0.000000000000
6.183578014374,-1.800045898438,-0.125242187500,-0.367542968750,1.129654296875,0.570186523437,0.639008789063,-1.429773437500,0.000000000000
6.193752050400,-1.799942382813,-0.125242187500,-0.367687500000,1.129798828125,0.570186523437,0.639008789063,-1.429773437500,0.000000000000
6.203923940659,-1.799839843750,-0.125242187500,-0.367687500000,1.129798828125,0.569979492187,0.639008789063,-1.429773437500,0.000000000000
6.214097976685,-1.799736328125,-0.125242187500,-0.367687500000,1.129943359375,0.569773437500,0.639215820313,-1.429773437500,0.000000000000
6.224291086197,-1.799736328125,-0.125139648438,-0.367542968750,1.129943359375,0.569773437500,0.639215820313,-1.429773437500,0.000000000000
6.234455108643,-1.799736328125,-0.125139648438,-0.367542968750,1.129943359375,0.569773437500,0.639215820313,-1.429773437500,0.000000000000
6.244621992111,-1.799633789063,-0.124933593750,-0.367399414062,1.129943359375,0.569773437500,0.639215820313,-1.429773437500,0.000000000000
6.254777908325,-1.799633789063,-0.124831054687,-0.367399414062,1.129798828125,0.569773437500,0.639215820313,-1.429773437500,0.000000000000
6.264938116074,-1.799531250000,-0.124727539063,-0.367254882813,1.129798828125,0.569773437500,0.639215820313,-1.429773437500,0.000000000000
6.275094985962,-1.799531250000,-0.124727539063,-0.367110351562,1.129798828125,0.569979492187,0.639215820313,-1.429773437500,0.000000000000
6.285263061523,-1.799427734375,-0.124625000000,-0.367110351562,1.129798828125,0.569979492187,0.639215820313,-1.429773437500,0.000000000000
6.295434951782,-1.799325195313,-0.124625000000,-0.367254882813,1.129798828125,0.569979492187,0.639008789063,-1.429773437500,0.000000000000
6.305593013763,-1.799222656250,-0.124625000000,-0.367254882813,1.129798828125,0.569979492187,0.639215820313,-1.429773437500,0.000000000000
6.315755128860,-1.799119140625,-0.124625000000,-0.367254882813,1.129798828125,0.569979492187,0.639215820313,-1.429773437500,0.000000000000
6.325917959213,-1.799016601562,-0.124727539063,-0.367254882813,1.129798828125,0.569773437500,0.639421875000,-1.429773437500,0.000000000000
6.336081981659,-1.798913085937,-0.124727539063,-0.367254882813,1.129798828125,0.569773437500,0.639421875000,-1.429773437500,0.000000000000
6.346251964569,-1.798817382813,-0.124727539063,-0.367110351562,1.129798828125,0.569773437500,0.639215820313,-1.429773437500,0.000000000000
6.356410026550,-1.798817382813,-0.124727539063,-0.367110351562,1.129798828125,0.569773437500,0.639215820313,-1.429979492187,0.000000000000
6.366573095322,-1.798713867188,-0.124727539063,-0.367110351562,1.129798828125,0.569773437500,0.639215820313,-1.429979492187,0.000000000000
6.376744031906,-1.798713867188,-0.124625000000,-0.367110351562,1.129798828125,0.569773437500,0.639215820313,-1.429979492187,0.000000000000
6.386912107468,-1.798611328125,-0.124625000000,-0.367110351562,1.129798828125,0.569773437500,0.639215820313,-1.429773437500,0.000000000000
6.397079944611,-1.798611328125,-0.124522460937,-0.366965820313,1.129798828125,0.569773437500,0.639215820313,-1.429773437500,0.000000000000
