time,right_j0,right_j1,right_j2,right_j3,right_j4,right_j5,right_j6,right_gripper
0.000000000000,-0.003543945313,-0.873425781250,0.001053710937,2.094627929687,0.003434570312,0.003158203125,0.003469726562,0.040207560420
0.010163736568,-0.003647460937,-0.873425781250,0.000909179688,2.094627929687,0.003641601563,0.003364257812,0.003469726562,0.040207560420
0.020327473135,-0.003853515625,-0.873322265625,0.000764648438,2.094627929687,0.004248046875,0.003571289063,0.003469726562,0.040207560420
0.030491209703,-0.003956054688,-0.873322265625,0.000620117188,2.094627929687,0.004661132812,0.003571289063,0.003469726562,0.040207560420
0.040654946270,-0.004162109375,-0.873219726563,0.000475585937,2.094483398438,0.005074218750,0.003984375000,0.003469726562,0.040207560420
0.050818682838,-0.004367187500,-0.873219726563,0.000331054688,2.094483398438,0.005487304687,0.004397460938,0.003469726562,0.040207560420
0.060982419406,-0.004476562500,-0.873219726563,0.000187500000,2.094483398438,0.005887695312,0.004397460938,0.003469726562,0.040207560420
0.071146155973,-0.004682617187,-0.873117187500,0.000042968750,2.094483398438,0.006300781250,0.004603515625,0.003469726562,0.040207560420
0.081309892541,-0.004786132812,-0.873117187500,-0.000101562500,2.094338867188,0.006507812500,0.004603515625,0.003469726562,0.040207560420
0.091473629108,-0.004888671875,-0.873117187500,-0.000246093750,2.094338867188,0.006920898437,0.004603515625,0.003469726562,0.040207560420
0.101637365676,-0.004991210937,-0.873117187500,-0.000246093750,2.094194335937,0.007126953125,0.004603515625,0.003469726562,0.040207560420
0.111801102244,-0.005197265625,-0.873117187500,-0.000246093750,2.094194335937,0.007333984375,0.004603515625,0.003469726562,0.040207560420
0.121964838811,-0.005403320313,-0.873117187500,-0.000246093750,2.094050781250,0.007333984375,0.004603515625,0.003469726562,0.040207560420
0.132128575379,-0.005505859375,-0.873117187500,-0.000390625000,2.093906250000,0.007527343750,0.004603515625,0.003469726562,0.040207560420
0.142292311946,-0.005711914063,-0.873013671875,-0.000535156250,2.093761718750,0.007527343750,0.004603515625,0.003469726562,0.040207560420
0.152456048514,-0.005814453125,-0.873013671875,-0.000678710937,2.093761718750,0.007527343750,0.004603515625,0.003469726562,0.040207560420
0.162619785082,-0.005917968750,-0.873013671875,-0.000823242187,2.093761718750,0.007527343750,0.004603515625,0.003469726562,0.040207560420
0.172783521649,-0.006020507813,-0.872911132812,-0.000966796875,2.093617187500,0.007333984375,0.004603515625,0.003469726562,0.040207560420
0.182947258217,-0.006123046875,-0.872808593750,-0.000966796875,2.093617187500,0.007126953125,0.004603515625,0.003469726562,0.040207560420
0.193110994784,-0.006329101562,-0.872808593750,-0.000966796875,2.093617187500,0.007126953125,0.004397460938,0.003469726562,0.040207560420
0.203274731352,-0.006541992187,-0.872808593750,-0.001111328125,2.093472656250,0.007126953125,0.004397460938,0.003469726562,0.040207560420
0.213438467920,-0.006644531250,-0.872705078125,-0.001111328125,2.093472656250,0.007126953125,0.004190429688,0.003469726562,0.040207560420
0.223602204487,-0.006644531250,-0.872705078125,-0.001255859375,2.093472656250,0.007126953125,0.004190429688,0.003262695313,0.040207560420
0.233765941055,-0.006747070312,-0.872705078125,-0.001400390625,2.093328125000,0.007126953125,0.004190429688,0.003262695313,0.040207560420
0.243929677622,-0.006850585937,-0.872705078125,-0.001543945312,2.093472656250,0.007126953125,0.004190429688,0.003262695313,0.040207560420
0.254093414190,-0.006747070312,-0.872808593750,-0.001543945312,2.093472656250,0.006920898437,0.003984375000,0.003262695313,0.040207560420
0.264257150758,-0.006747070312,-0.872808593750,-0.001543945312,2.093617187500,0.006920898437,0.004190429688,0.003262695313,0.040207560420
0.274420887325,-0.006644531250,-0.872911132812,-0.001543945312,2.093617187500,0.006920898437,0.004190429688,0.003262695313,0.040207560420
0.284584623893,-0.006644531250,-0.872911132812,-0.001543945312,2.093617187500,0.007126953125,0.004397460938,0.003056640625,0.040207560420
0.294748360460,-0.006747070312,-0.872911132812,-0.001543945312,2.093472656250,0.007940429688,0.007095703125,0.003056640625,0.040207560420
0.304912097028,-0.007055664062,-0.872911132812,-0.001543945312,2.093184570312,0.008560546875,0.008967773437,0.003056640625,0.040207560420
0.315075833596,-0.007261718750,-0.872705078125,-0.001688476563,2.092895507812,0.009386718750,0.011666015625,0.003056640625,0.040207560420
0.325239570163,-0.007570312500,-0.872499023437,-0.001833007813,2.092461914063,0.009993164063,0.014984375000,0.003056640625,0.040207560420
0.335403306731,-0.007982421875,-0.872293945313,-0.001977539062,2.092029296875,0.011026367188,0.017889648437,0.003056640625,0.040207560420
0.345567043298,-0.009121093750,-0.871984375000,-0.002122070313,2.091451171875,0.011632812500,0.021839843750,0.002849609375,0.040207560420
0.355730779866,-0.009634765625,-0.871367187500,-0.002419921875,2.090287109375,0.013479492188,0.029728515625,0.002849609375,0.040207560420
0.365894516434,-0.010355468750,-0.871058593750,-0.002419921875,2.089565429688,0.014511718750,0.034711914063,0.002849609375,0.040207560420
0.376058253001,-0.011082031250,-0.870750000000,-0.002564453125,2.088843750000,0.015325195312,0.039063476562,0.002849609375,0.040207560420
0.386221989569,-0.011905273438,-0.870337890625,-0.002564453125,2.087833007812,0.016358398438,0.044046875000,0.002849609375,0.040207560420
0.396385726136,-0.012625976563,-0.869926757812,-0.002708007813,2.086822265625,0.017171875000,0.049443359375,0.002849609375,0.040207560420
0.406549462704,-0.013558593750,-0.869514648438,-0.002852539062,2.085667968750,0.018205078125,0.054840820312,0.002849609375,0.040207560420
0.416713199272,-0.014484375000,-0.869103515625,-0.002997070312,2.084512695313,0.019224609375,0.060856445313,0.002849609375,0.040207560420
0.426876935839,-0.015520507813,-0.868588867187,-0.003141601563,2.083204101563,0.019844726563,0.066253906250,0.002849609375,0.040207560420
0.437040672407,-0.016549804687,-0.868176757813,-0.003286132813,2.081760742187,0.020670898438,0.071857421875,0.002849609375,0.040207560420
0.447204408974,-0.017584960938,-0.867663085937,-0.003430664062,2.080171875000,0.021277343750,0.078080078125,0.002849609375,0.040207560420
0.457368145542,-0.018819335938,-0.867148437500,-0.003574218750,2.078728515625,0.021897460937,0.083683593750,0.002849609375,0.040207560420
0.467531882110,-0.019958007813,-0.866633789062,-0.003718750000,2.076987304688,0.022310546875,0.089700195312,0.002849609375,0.040207560420
0.477695618677,-0.021089843750,-0.866119140625,-0.003863281250,2.075110351563,0.022516601562,0.095716796875,0.002849609375,0.040207560420
0.487859355245,-0.022434570312,-0.865707031250,-0.003863281250,2.073377929688,0.022723632812,0.101952148438,0.002849609375,0.040207560420
0.498023091812,-0.023675781250,-0.865193359375,-0.003863281250,2.071500976563,0.022723632812,0.108175781250,0.002849609375,0.040207560420
0.508186828380,-0.025013671875,-0.864781250000,-0.003863281250,2.069615234375,0.022723632812,0.113765625000,0.002849609375,0.040207560420
0.518350564948,-0.026357421875,-0.864369140625,-0.004007812500,2.067593750000,0.022723632812,0.120001953125,0.002849609375,0.040207560420
0.528514301515,-0.027908203125,-0.863958007812,-0.003863281250,2.065427734375,0.022516601562,0.126224609375,0.002849609375,0.040207560420
0.538678038083,-0.029348632813,-0.863545898437,-0.003863281250,2.063397460937,0.022516601562,0.131815429688,0.002849609375,0.040207560420
0.548841774651,-0.030898437500,-0.863134765625,-0.003863281250,2.061087890625,0.022310546875,0.137832031250,0.002849609375,0.040207560420
0.559005511218,-0.032551757812,-0.862826171875,-0.003863281250,2.058921875000,0.022103515625,0.143848632812,0.002849609375,0.040207560420
0.569169247786,-0.034205078125,-0.862414062500,-0.003863281250,2.056747070312,0.022103515625,0.149245117187,0.002849609375,0.040207560420
0.579332984353,-0.035954101563,-0.862105468750,-0.003863281250,2.054437500000,0.022103515625,0.154641601563,0.002849609375,0.040207560420
0.589496720921,-0.037709960938,-0.861700195312,-0.003863281250,2.052118164063,0.021897460937,0.160025390625,0.002849609375,0.040207560420
0.599660457489,-0.039568359375,-0.861391601563,-0.003863281250,2.049808593750,0.022103515625,0.165422851563,0.003056640625,0.040207560420
0.609824194056,-0.041530273438,-0.861083007813,-0.003863281250,2.047498046875,0.021897460937,0.170199218750,0.003056640625,0.040207560420
0.619987930624,-0.043389648437,-0.860670898437,-0.003863281250,2.045179687500,0.021897460937,0.175169921875,0.003056640625,0.040207560420
0.630151667191,-0.045454101563,-0.860362304687,-0.003863281250,2.042869140625,0.021897460937,0.179947265625,0.003056640625,0.040207560420
0.640315403759,-0.047416015625,-0.859951171875,-0.004007812500,2.040550781250,0.022103515625,0.184711914063,0.003056640625,0.040207560420
0.650479140327,-0.049583007813,-0.859642578125,-0.004007812500,2.038240234375,0.022103515625,0.188856445313,0.003056640625,0.040207560420
0.660642876894,-0.051853515625,-0.859333984375,-0.004007812500,2.036075195312,0.021897460937,0.192793945312,0.003056640625,0.040207560420
0.670806613462,-0.054124023438,-0.858921875000,-0.004007812500,2.033755859375,0.021897460937,0.197157226563,0.003056640625,0.040207560420
0.680970350029,-0.056394531250,-0.858510742188,-0.004007812500,2.031446289063,0.021897460937,0.201095703125,0.003056640625,0.040207560420
0.691134086597,-0.058767578125,-0.858098632812,-0.004007812500,2.029126953125,0.021690429687,0.204827148437,0.003056640625,0.040207560420
0.701297823165,-0.061346679688,-0.857686523437,-0.004007812500,2.026816406250,0.021484375000,0.208351562500,0.003056640625,0.040207560420
0.711461559732,-0.063932617187,-0.857172851563,-0.004007812500,2.024651367187,0.021484375000,0.211462890625,0.003056640625,0.040207560420
0.721625296300,-0.066511718750,-0.856760742187,-0.004007812500,2.022332031250,0.021484375000,0.214368164063,0.003056640625,0.040207560420
0.731789032867,-0.069296875000,-0.856143554688,-0.004007812500,2.020166992187,0.021690429687,0.217272460937,0.003056640625,0.040207560420
0.741952769435,-0.072190429688,-0.855628906250,-0.004007812500,2.017847656250,0.021484375000,0.220165039063,0.003056640625,0.040207560420
0.752116506003,-0.075079101563,-0.855114257812,-0.004007812500,2.015681640625,0.021484375000,0.223070312500,0.003262695313,0.040207560420
0.762280242570,-0.078069335937,-0.854497070312,-0.004152343750,2.013363281250,0.021484375000,0.225768554688,0.003262695313,0.040207560420
0.772443979138,-0.081272460937,-0.853982421875,-0.004152343750,2.011197265625,0.021484375000,0.228259765625,0.003262695313,0.040207560420
0.782607715705,-0.084468750000,-0.853365234375,-0.004152343750,2.009175781250,0.021690429687,0.230739257812,0.003262695313,0.040207560420
0.792771452273,-0.087775390625,-0.852644531250,-0.004296875000,2.007000976562,0.021690429687,0.232817382813,0.003262695313,0.040207560420
0.802935188841,-0.091177734375,-0.851923828125,-0.004440429687,2.004835937500,0.021690429687,0.234676757812,0.003262695313,0.040207560420
0.813098925408,-0.094791992187,-0.851100585938,-0.004584960938,2.002661132812,0.021690429687,0.236755859375,0.003262695313,0.040207560420
0.823262661976,-0.098509765625,-0.850277343750,-0.004584960938,2.000495117188,0.021690429687,0.238420898438,0.003262695313,0.040207560420
0.833426398543,-0.102426757813,-0.849454101563,-0.004729492187,1.998321289062,0.021690429687,0.240280273437,0.003262695313,0.040207560420
0.843590135111,-0.106453125000,-0.848424804688,-0.004874023437,1.996299804688,0.021690429687,0.241726562500,0.003262695313,0.040207560420
0.853753871679,-0.110582031250,-0.847396484375,-0.005163085937,1.994125000000,0.021897460937,0.243185546875,0.003262695313,0.040207560420
0.863917608246,-0.114916992187,-0.846263671875,-0.005451171875,1.991815429687,0.022103515625,0.244630859375,0.003262695313,0.040207560420
0.874081344814,-0.119348632812,-0.845131835937,-0.005740234375,1.989504882812,0.022310546875,0.245883789062,0.003262695313,0.040207560420
0.884245081381,-0.123889648437,-0.843793945312,-0.006182617188,1.987330078125,0.022723632812,0.247330078125,0.003262695313,0.040207560420
0.894408817949,-0.128635742188,-0.842353515625,-0.006470703125,1.985020507813,0.022929687500,0.248362304688,0.003262695313,0.040207560420
0.904572554517,-0.133492187500,-0.841015625000,-0.006615234375,1.982845703125,0.023124023437,0.248569335937,0.003262695313,0.040207560420
0.914736291084,-0.138444335937,-0.839472656250,-0.007048828125,1.980536132812,0.023537109375,0.249395507813,0.003262695313,0.040207560420
0.924900027652,-0.143602539063,-0.837934570312,-0.007481445312,1.978216796875,0.023743164062,0.249615234375,0.003262695313,0.040207560420
0.935063764219,-0.148870117188,-0.836185546875,-0.007915039063,1.975906250000,0.024776367187,0.249615234375,0.003262695313,0.040207560420
0.945227500787,-0.154234375000,-0.834436523437,-0.008347656250,1.973443359375,0.025382812500,0.250028320312,0.003262695313,0.040207560420
0.955391237355,-0.159810546875,-0.832583984375,-0.008636718750,1.971124023438,0.026816406250,0.249821289063,0.003262695313,0.040207560420
0.965554973922,-0.165490234375,-0.830622070313,-0.009070312500,1.968669921875,0.028468750000,0.250028320312,0.003262695313,0.040207560420
0.975718710490,-0.177253906250,-0.826505859375,-0.009791992187,1.963607421875,0.031955078125,0.250028320312,0.003262695313,0.040207560420
0.985882447057,-0.183242187500,-0.824241210938,-0.010234375000,1.961000000000,0.034213867187,0.250028320312,0.003262695313,0.040207560420
0.996046183625,-0.189333007813,-0.821977539063,-0.010522460938,1.958401367188,0.036473632812,0.250028320312,0.003262695313,0.040207560420
1.006209920193,-0.195629882812,-0.819816406250,-0.010811523437,1.955649414063,0.038926757812,0.250028320312,0.003262695313,0.040207560420
1.016373656760,-0.201926757812,-0.817450195312,-0.011100585938,1.952897460938,0.041392578125,0.250028320312,0.003262695313,0.040207560420
1.026537393328,-0.208319335937,-0.814979492187,-0.011541992188,1.949865234375,0.044065429687,0.250234375000,0.003262695313,0.040207560420
1.036701129895,-0.214822265625,-0.812613281250,-0.011975585937,1.946968750000,0.046518554687,0.249821289063,0.003262695313,0.040207560420
1.046864866463,-0.221530273438,-0.810252929687,-0.012264648437,1.944072265625,0.049191406250,0.249821289063,0.003262695313,0.040207560420
1.057028603031,-0.228239257813,-0.807885742187,-0.012552734375,1.941031250000,0.051657226562,0.250028320312,0.003262695313,0.040207560420
1.067192339598,-0.234947265625,-0.805416015625,-0.012986328125,1.938143554688,0.054316406250,0.249821289063,0.003056640625,0.040207560420
1.077356076166,-0.241764648438,-0.803048828125,-0.013130859375,1.935102539063,0.056989257812,0.250028320312,0.003056640625,0.040207560420
1.087519812733,-0.248678710937,-0.800579101563,-0.013418945312,1.931917968750,0.059662109375,0.250028320312,0.003056640625,0.040207560420
1.097683549301,-0.255696289063,-0.798109375000,-0.013716796875,1.928732421875,0.062528320312,0.250234375000,0.003056640625,0.040207560420
1.107847285869,-0.262610351563,-0.795639648438,-0.014005859375,1.925412109375,0.065407226563,0.250028320312,0.003056640625,0.040207560420
1.118011022436,-0.269626953125,-0.793169921875,-0.014294921875,1.921937500000,0.068686523437,0.250441406250,0.003056640625,0.040207560420
1.128174759004,-0.276644531250,-0.790700195313,-0.014583007812,1.918463867188,0.071359375000,0.250441406250,0.003056640625,0.040207560420
1.138338495571,-0.283764648437,-0.788126953125,-0.014727539062,1.914989257813,0.075051757812,0.250854492188,0.003056640625,0.040207560420
1.148502232139,-0.290994140625,-0.785554687500,-0.014872070312,1.911371093750,0.078331054687,0.251060546875,0.003056640625,0.040207560420
1.158665968707,-0.298010742188,-0.782878906250,-0.015161132813,1.907752929687,0.082023437500,0.251267578125,0.003056640625,0.040207560420
1.168829705274,-0.305233398438,-0.780100585937,-0.015304687500,1.904134765625,0.085522460938,0.251267578125,0.003056640625,0.040207560420
1.178993441842,-0.312353515625,-0.777328125000,-0.015449218750,1.900372070312,0.088801757813,0.251886718750,0.003056640625,0.040207560420
1.189157178409,-0.319583007812,-0.774549804688,-0.015593750000,1.896464843750,0.092288085938,0.252506835938,0.003056640625,0.040207560420
1.199320914977,-0.326799804687,-0.771667968750,-0.015738281250,1.892702148437,0.095580078125,0.252919921875,0.002849609375,0.040207560420
1.209484651545,-0.333919921875,-0.768788085938,-0.015882812500,1.888505859375,0.098652343750,0.253758789062,0.003056640625,0.040207560420
1.219648388112,-0.341148437500,-0.765803710937,-0.016027343750,1.884454101563,0.101932617188,0.254585937500,0.003056640625,0.040207560420
1.229812124680,-0.348372070313,-0.762715820312,-0.016027343750,1.880393554687,0.105430664062,0.255618164062,0.003056640625,0.040207560420
1.239975861247,-0.355594726563,-0.759731445313,-0.016170898438,1.876198242188,0.108503906250,0.256857421875,0.002849609375,0.040207560420
1.250139597815,-0.362618164063,-0.756644531250,-0.016315429688,1.872001953125,0.111795898437,0.258730468750,0.002849609375,0.040207560420
1.260303334383,-0.369840820312,-0.753557617188,-0.016459960938,1.867662109375,0.114249023437,0.260382812500,0.002849609375,0.040207560420
1.270467070950,-0.376955078125,-0.750367187500,-0.016604492188,1.863312500000,0.117334960937,0.262460937500,0.002849609375,0.040207560420
1.280630807518,-0.384177734375,-0.747280273438,-0.016604492188,1.858828125000,0.119594726563,0.264746093750,0.002849609375,0.040207560420
1.290794544085,-0.391303710937,-0.744089843750,-0.016749023437,1.854054687500,0.122253906250,0.267638671875,0.003056640625,0.040207560420
1.300958280653,-0.398321289062,-0.740906250000,-0.016893554687,1.849272460937,0.124719726562,0.270750000000,0.003056640625,0.040207560420
1.311122017221,-0.405441406250,-0.737715820313,-0.016893554687,1.844499023438,0.126979492187,0.273861328125,0.003056640625,0.040207560420
1.321285753788,-0.412560546875,-0.734422851562,-0.016893554687,1.839715820312,0.129445312500,0.277386718750,0.003056640625,0.040207560420
1.331449490356,-0.419571289063,-0.731129882813,-0.017181640625,1.834654296875,0.131291992188,0.281117187500,0.003056640625,0.040207560420
1.341613226923,-0.426594726563,-0.727630859375,-0.017326171875,1.829583007812,0.132931640625,0.284848632813,0.003056640625,0.040207560420
1.351776963491,-0.433509765625,-0.724131835937,-0.017624023438,1.824375976563,0.134571289062,0.289406250000,0.003262695313,0.040207560420
1.361940700059,-0.440526367187,-0.720632812500,-0.017768554688,1.819016601563,0.136016601563,0.294170898437,0.003262695313,0.040207560420
1.372104436626,-0.447337890625,-0.717031250000,-0.017913085937,1.813656250000,0.137656250000,0.298728515625,0.003262695313,0.040207560420
1.382268173194,-0.454148437500,-0.713429687500,-0.018201171875,1.808296875000,0.139296875000,0.303699218750,0.003262695313,0.040207560420
1.392431909761,-0.460954101562,-0.709827148438,-0.018490234375,1.802791992187,0.140523437500,0.308888671875,0.003262695313,0.040207560420
1.402595646329,-0.467764648437,-0.706219726562,-0.018779296875,1.797296875000,0.142175781250,0.314272460937,0.003262695313,0.040207560420
1.412759382897,-0.474473632812,-0.702514648438,-0.019068359375,1.791503906250,0.143195312500,0.320070312500,0.003262695313,0.040207560420
1.422923119464,-0.481181640625,-0.699015625000,-0.019356445313,1.785855468750,0.144434570313,0.325879882813,0.003262695313,0.040207560420
1.433086856032,-0.487889648437,-0.695414062500,-0.019645507813,1.780207031250,0.145661132813,0.331263671875,0.003262695313,0.040207560420
1.443250592599,-0.494495117187,-0.691812500000,-0.020078125000,1.774558593750,0.147094726562,0.337886718750,0.003262695313,0.040207560420
1.453414329167,-0.500985351563,-0.688209960937,-0.020511718750,1.768764648437,0.148333984375,0.343903320312,0.003262695313,0.040207560420
1.463578065735,-0.507487304688,-0.684511718750,-0.020944335937,1.762828125000,0.149560546875,0.350113281250,0.003262695313,0.040207560420
1.473741802302,-0.513887695313,-0.680704101563,-0.021531250000,1.756737304687,0.150386718750,0.356737304687,0.003262695313,0.040207560420
1.483905538870,-0.520183593750,-0.677000000000,-0.022108398437,1.750943359375,0.151820312500,0.362959960937,0.003262695313,0.040207560420
1.494069275437,-0.526583984375,-0.673398437500,-0.022541992187,1.745006835937,0.152839843750,0.368963867188,0.003262695313,0.040207560420
1.504233012005,-0.532771484375,-0.669590820312,-0.023119140625,1.738635742188,0.153666015625,0.375793945312,0.003262695313,0.040207560420
1.514396748573,-0.538958007813,-0.665885742187,-0.023840820313,1.732553710937,0.154699218750,0.382223632812,0.003262695313,0.040207560420
1.524560485140,-0.545042968750,-0.662180664062,-0.024418945312,1.726174804688,0.155512695313,0.388639648437,0.003469726562,0.040207560420
1.534724221708,-0.551031250000,-0.658476562500,-0.025149414063,1.720092773438,0.156338867188,0.395263671875,0.003469726562,0.040207560420
1.544887958275,-0.557018554687,-0.654874023438,-0.025871093750,1.713857421875,0.157358398437,0.401473632812,0.003469726562,0.040207560420
1.555051694843,-0.562897460938,-0.651375976563,-0.026593750000,1.707775390625,0.157772460937,0.407696289062,0.003469726562,0.040207560420
1.565215431411,-0.568672851563,-0.647773437500,-0.027170898438,1.701549804687,0.158185546875,0.413493164062,0.003469726562,0.040207560420
1.575379167978,-0.574345703125,-0.644069335938,-0.028037109375,1.695025390625,0.158391601563,0.419497070312,0.003469726562,0.040207560420
1.585542904546,-0.579916015625,-0.640466796875,-0.028912109375,1.688799804687,0.158804687500,0.425293945312,0.003469726562,0.040207560420
1.595706641113,-0.590753906250,-0.633263671875,-0.029643554688,1.682708984375,0.158998046875,0.430677734375,0.003469726562,0.040207560420
1.605870377681,-0.596014648437,-0.629558593750,-0.031520507813,1.670247070313,0.158804687500,0.441652343750,0.003469726562,0.040207560420
1.616034114249,-0.601269531250,-0.625750976563,-0.032531250000,1.664012695313,0.158804687500,0.446623046875,0.003675781250,0.040207560420
1.626197850816,-0.606427734375,-0.621943359375,-0.033550781250,1.658075195312,0.158804687500,0.451167968750,0.003675781250,0.040207560420
1.636361587384,-0.611483398437,-0.618135742188,-0.034705078125,1.652282226562,0.158804687500,0.455931640625,0.003675781250,0.040207560420
1.646525323952,-0.616435546875,-0.614328125000,-0.036004882812,1.646334960937,0.158804687500,0.460902343750,0.003675781250,0.040207560420
1.656689060519,-0.621285156250,-0.610417968750,-0.037458007812,1.640541992187,0.158598632813,0.465252929687,0.003675781250,0.040207560420
1.666852797087,-0.626032226563,-0.606507812500,-0.038901367188,1.634740234375,0.158598632813,0.469384765625,0.003675781250,0.040207560420
1.677016533654,-0.630778320313,-0.602596679687,-0.040201171875,1.629091796875,0.158598632813,0.473323242187,0.003675781250,0.040207560420
1.687180270222,-0.635313476563,-0.598783203125,-0.041797851563,1.623722656250,0.158998046875,0.476627929688,0.003469726562,0.040207560420
1.697344006790,-0.639853515625,-0.594769531250,-0.043530273438,1.618074218750,0.158804687500,0.480359375000,0.003469726562,0.040207560420
1.707507743357,-0.644291992187,-0.590755859375,-0.045271484375,1.612560546875,0.158998046875,0.483458007812,0.003469726562,0.040207560420
1.717671479925,-0.648626953125,-0.586639648438,-0.047158203125,1.607056640625,0.158998046875,0.486363281250,0.003469726562,0.040207560420
1.727835216492,-0.652852539062,-0.582419921875,-0.049188476562,1.601542968750,0.158804687500,0.489047851563,0.003469726562,0.040207560420
1.737998953060,-0.657084960938,-0.578303710937,-0.051353515625,1.596183593750,0.159412109375,0.491527343750,0.003469726562,0.040207560420
1.748162689628,-0.661213867187,-0.573981445312,-0.053528320313,1.590823242187,0.159412109375,0.493605468750,0.003469726562,0.040207560420
1.758326426195,-0.665227539062,-0.569659179688,-0.055694335937,1.585454101563,0.159618164063,0.495877929687,0.003469726562,0.040207560420
1.768490162763,-0.669253906250,-0.565234375000,-0.057868164062,1.580239257812,0.160238281250,0.497737304687,0.003469726562,0.040207560420
1.778653899330,-0.673067382813,-0.560912109375,-0.060178710937,1.574870117187,0.160238281250,0.499389648438,0.003469726562,0.040207560420
1.788817635898,-0.676991210938,-0.556487304687,-0.062498046875,1.569654296875,0.160651367188,0.501261718750,0.003469726562,0.040207560420
1.798981372466,-0.680804687500,-0.552165039063,-0.064825195313,1.564574218750,0.160651367188,0.502294921875,0.003469726562,0.040207560420
1.809145109033,-0.684522460938,-0.547740234375,-0.067280273437,1.559358398437,0.161064453125,0.503534179688,0.003469726562,0.040207560420
1.819308845601,-0.688130859375,-0.543109375000,-0.069743164063,1.554287109375,0.161464843750,0.504360351563,0.003469726562,0.040207560420
1.829472582168,-0.691745117187,-0.538581054687,-0.072351562500,1.549351562500,0.161464843750,0.504773437500,0.003469726562,0.040207560420
1.839636318736,-0.695244140625,-0.533944335938,-0.074950195312,1.544280273438,0.161257812500,0.505393554688,0.003469726562,0.040207560420
1.849800055304,-0.698646484375,-0.529313476563,-0.077557617187,1.539344726562,0.160857421875,0.505393554688,0.003469726562,0.040207560420
1.859963791871,-0.702055664062,-0.524579101562,-0.080309570312,1.534707031250,0.161064453125,0.505393554688,0.003469726562,0.040207560420
1.870127528439,-0.705355468750,-0.519845703125,-0.083061523438,1.529915039063,0.161064453125,0.505393554688,0.003469726562,0.040207560420
1.880291265006,-0.708551757813,-0.515008789063,-0.085814453125,1.525132812500,0.161257812500,0.505393554688,0.003469726562,0.040207560420
1.890455001574,-0.711652343750,-0.510171875000,-0.088566406250,1.520485351563,0.161064453125,0.505186523438,0.003469726562,0.040207560420
1.900618738142,-0.714848632812,-0.505438476562,-0.091454101563,1.515847656250,0.160651367188,0.505393554688,0.003262695313,0.040207560420
1.910782474709,-0.717942382813,-0.500698242188,-0.094350585937,1.511209960938,0.160238281250,0.505393554688,0.003262695313,0.040207560420
1.920946211277,-0.720932617188,-0.495963867188,-0.097247070313,1.506562500000,0.160238281250,0.505393554688,0.003262695313,0.040207560420
1.931109947844,-0.723814453125,-0.491127929688,-0.099990234375,1.501924804688,0.160444335937,0.505393554688,0.003262695313,0.040207560420
1.941273684412,-0.726702148438,-0.486291015625,-0.102750976562,1.497286132813,0.160444335937,0.505186523438,0.003262695313,0.040207560420
1.951437420980,-0.729487304688,-0.481556640625,-0.105647460938,1.492639648437,0.160651367188,0.505393554688,0.003262695313,0.040207560420
1.961601157547,-0.732278320312,-0.476816406250,-0.108390625000,1.488145507813,0.160444335937,0.505600585938,0.003262695313,0.040207560420
1.971764894115,-0.734851562500,-0.471980468750,-0.111287109375,1.483652343750,0.160444335937,0.505806640625,0.003262695313,0.040207560420
1.981928630682,-0.737430664063,-0.467040039063,-0.114328125000,1.478860351563,0.160238281250,0.505600585938,0.003262695313,0.040207560420
1.992092367250,-0.739907226562,-0.462306640625,-0.117360351563,1.474511718750,0.160238281250,0.505393554688,0.003262695313,0.040207560420
2.002256103818,-0.742382812500,-0.457573242188,-0.120112304688,1.470162109375,0.160238281250,0.505393554688,0.003056640625,0.040207560420
2.012419840385,-0.744859375000,-0.452838867187,-0.122873046875,1.465812500000,0.160238281250,0.505600585938,0.003056640625,0.040207560420
2.022583576953,-0.747129882813,-0.448208007812,-0.125471679688,1.461310546875,0.160444335937,0.505806640625,0.003056640625,0.040207560420
2.032747313520,-0.749393554688,-0.443474609375,-0.128080078125,1.456816406250,0.160857421875,0.505600585938,0.003056640625,0.040207560420
2.042911050088,-0.751664062500,-0.438836914063,-0.130687500000,1.452168945312,0.161064453125,0.505600585938,0.003056640625,0.040207560420
2.053074786656,-0.753832031250,-0.434206054688,-0.133286132813,1.447675781250,0.161464843750,0.505600585938,0.003056640625,0.040207560420
2.063238523223,-0.755999023438,-0.429472656250,-0.135750000000,1.443181640625,0.161670898437,0.505600585938,0.003056640625,0.040207560420
2.073402259791,-0.758160156250,-0.424738281250,-0.138059570312,1.438535156250,0.162291015625,0.505600585938,0.003262695313,0.040207560420
2.083565996358,-0.760224609375,-0.419902343750,-0.140387695313,1.434185546875,0.163117187500,0.505600585938,0.003262695313,0.040207560420
2.093729732926,-0.762392578125,-0.415264648437,-0.142697265625,1.429692382813,0.163517578125,0.505600585938,0.003262695313,0.040207560420
2.103893469494,-0.764457031250,-0.410626953125,-0.145016601563,1.425333984375,0.164343750000,0.505806640625,0.003262695313,0.040207560420
2.114057206061,-0.766514648437,-0.406099609375,-0.147182617188,1.420984375000,0.164756835938,0.505806640625,0.003262695313,0.040207560420
2.124220942629,-0.768580078125,-0.401468750000,-0.149500976562,1.416634765625,0.165570312500,0.506013671875,0.003262695313,0.040207560420
2.134384679196,-0.770644531250,-0.396837890625,-0.151666992187,1.412132812500,0.166603515625,0.505806640625,0.003262695313,0.040207560420
2.144548415764,-0.772708984375,-0.392207031250,-0.153697265625,1.407783203125,0.168036132812,0.505393554688,0.003262695313,0.040207560420
2.154712152332,-0.776825195313,-0.383041015625,-0.157893554687,1.399219726562,0.171122070313,0.505806640625,0.003262695313,0.040207560420
2.164875888899,-0.778787109375,-0.378410156250,-0.159914062500,1.395014648437,0.173174804687,0.505806640625,0.003262695313,0.040207560420
2.175039625467,-0.780954101563,-0.373779296875,-0.162097656250,1.390512695312,0.175227539062,0.505806640625,0.003469726562,0.040207560420
2.185203362034,-0.783019531250,-0.369354492187,-0.164263671875,1.386163085938,0.177487304688,0.506219726563,0.003469726562,0.040207560420
2.195367098602,-0.785179687500,-0.365032226563,-0.166293945312,1.382102539062,0.180146484375,0.506219726563,0.003469726562,0.040207560420
2.205530835170,-0.787347656250,-0.360813476563,-0.168459960937,1.377888671875,0.182819335937,0.506426757813,0.003469726562,0.040207560420
2.215694571737,-0.789515625000,-0.356586914062,-0.170490234375,1.373683593750,0.186111328125,0.506839843750,0.003469726562,0.040207560420
2.225858308305,-0.791682617187,-0.352265625000,-0.172799804688,1.369623046875,0.189597656250,0.507265625000,0.003469726562,0.040207560420
2.236022044872,-0.793850585938,-0.348148437500,-0.174974609375,1.365553710937,0.193496093750,0.507678710938,0.003469726562,0.040207560420
2.246185781440,-0.796011718750,-0.344032226562,-0.177284179687,1.361493164063,0.197602539062,0.508091796875,0.003469726562,0.040207560420
2.256349518008,-0.798281250000,-0.340019531250,-0.179748046875,1.357432617187,0.201708007813,0.508711914063,0.003469726562,0.040207560420
2.266513254575,-0.800449218750,-0.336102539062,-0.182067382813,1.353363281250,0.206020507813,0.509331054687,0.003469726562,0.040207560420
2.276676991143,-0.802719726563,-0.332185546875,-0.184385742188,1.349302734375,0.210745117187,0.509951171875,0.003469726562,0.040207560420
2.286840727710,-0.804983398437,-0.328274414063,-0.186696289062,1.345386718750,0.215677734375,0.510571289063,0.003262695313,0.040207560420
2.297004464278,-0.807350585937,-0.324570312500,-0.189014648437,1.341469726562,0.220596679687,0.511190429687,0.003262695313,0.040207560420
2.307168200846,-0.809723632813,-0.321071289062,-0.191469726562,1.337544921875,0.225528320313,0.511810546875,0.003262695313,0.040207560420
2.317331937413,-0.812097656250,-0.317462890625,-0.193788085937,1.333628906250,0.230460937500,0.512636718750,0.003262695313,0.040207560420
2.327495673981,-0.814573242188,-0.314066406250,-0.196098632813,1.329712890625,0.235392578125,0.513669921875,0.003262695313,0.040207560420
2.337659410548,-0.816946289062,-0.310568359375,-0.198416992188,1.325796875000,0.240724609375,0.514714843750,0.003262695313,0.040207560420
2.347823147116,-0.819422851563,-0.307069335938,-0.200727539062,1.321871093750,0.246070312500,0.515748046875,0.003262695313,0.040207560420
2.357986883684,-0.822001953125,-0.303672851563,-0.203190429688,1.317955078125,0.251815429687,0.516987304687,0.003262695313,0.040207560420
2.368150620251,-0.824581054687,-0.300277343750,-0.205654296875,1.314039062500,0.257767578125,0.518433593750,0.003262695313,0.040207560420
2.378314356819,-0.827263671875,-0.296875000000,-0.208117187500,1.310113281250,0.263525390625,0.520085937500,0.003262695313,0.040207560420
2.388478093386,-0.829830078125,-0.293478515625,-0.210715820312,1.306341796875,0.269477539062,0.521945312500,0.003262695313,0.040207560420
2.398641829954,-0.832409179687,-0.290185546875,-0.213179687500,1.302425781250,0.275429687500,0.524024414062,0.003262695313,0.040207560420
2.408805566522,-0.835090820313,-0.286892578125,-0.215787109375,1.298654296875,0.281600585937,0.526089843750,0.003262695313,0.040207560420
2.418969303089,-0.837875976563,-0.283599609375,-0.218385742188,1.294873046875,0.287759765625,0.528568359375,0.003262695313,0.040207560420
2.429133039657,-0.840557617187,-0.280197265625,-0.220994140625,1.290957031250,0.293710937500,0.531266601563,0.003262695313,0.040207560420
2.439296776224,-0.843240234375,-0.277006835937,-0.223448242188,1.287473632813,0.300088867187,0.533539062500,0.003262695313,0.040207560420
2.449460512792,-0.846024414062,-0.273816406250,-0.225912109375,1.283846679688,0.306041015625,0.536018554688,0.003262695313,0.040207560420
2.459624249360,-0.848809570313,-0.270729492187,-0.228519531250,1.280363281250,0.311592773438,0.539117187500,0.003262695313,0.040207560420
2.469787985927,-0.851594726563,-0.267642578125,-0.230982421875,1.277024414063,0.317337890625,0.542228515625,0.003262695313,0.040207560420
2.479951722495,-0.854276367187,-0.264760742188,-0.233582031250,1.273541992187,0.322683593750,0.545327148437,0.003262695313,0.040207560420
2.490115459062,-0.857055664062,-0.261666992188,-0.236333984375,1.270203125000,0.328028320313,0.548851562500,0.003262695313,0.040207560420
2.500279195630,-0.859737304687,-0.258682617188,-0.239077148437,1.266864257813,0.333360351562,0.552363281250,0.003262695313,0.040207560420
2.510442932198,-0.862316406250,-0.255794921875,-0.241973632813,1.263525390625,0.338706054687,0.555668945312,0.003262695313,0.040207560420
2.520606668765,-0.864895507813,-0.252913085938,-0.244870117188,1.260187500000,0.343637695312,0.559400390625,0.003262695313,0.040207560420
2.530770405333,-0.867474609375,-0.250134765625,-0.247757812500,1.256993164063,0.348363281250,0.562912109375,0.003262695313,0.040207560420
2.540934141900,-0.870047851562,-0.247356445313,-0.250654296875,1.253798828125,0.352675781250,0.566629882813,0.003262695313,0.040207560420
2.551097878468,-0.872626953125,-0.244673828125,-0.253550781250,1.250604492187,0.356988281250,0.570774414062,0.003262695313,0.040207560420
2.561261615036,-0.875206054688,-0.242101562500,-0.256447265625,1.247554687500,0.361106445313,0.574493164062,0.003262695313,0.040207560420
2.571425351603,-0.877785156250,-0.239631835938,-0.259333984375,1.244504882813,0.365005859375,0.578004882812,0.003262695313,0.040207560420
2.581589088171,-0.880357421875,-0.237162109375,-0.262375000000,1.241598632812,0.368904296875,0.581736328125,0.003262695313,0.040207560420
2.591752824738,-0.882833984375,-0.234898437500,-0.265416015625,1.238557617187,0.372403320313,0.585661132812,0.003262695313,0.040207560420
2.601916561306,-0.885310546875,-0.232633789063,-0.268448242188,1.235507812500,0.375695312500,0.589598632813,0.003262695313,0.040207560420
2.612080297874,-0.887676757812,-0.230671875000,-0.271489257812,1.232747070313,0.378768554687,0.593523437500,0.003262695313,0.040207560420
2.622244034441,-0.890153320313,-0.228820312500,-0.274665039063,1.229985351563,0.381647460938,0.597448242188,0.003262695313,0.040207560420
2.632407771009,-0.892423828125,-0.227070312500,-0.277714843750,1.227233398437,0.384320312500,0.601373046875,0.003262695313,0.040207560420
2.642571507576,-0.894796875000,-0.225629882812,-0.280900390625,1.224760742187,0.386993164063,0.605104492187,0.003469726562,0.040207560420
2.652735244144,-0.897170898437,-0.224291992188,-0.283932617188,1.222144531250,0.389045898437,0.609029296875,0.003469726562,0.040207560420
2.662898980712,-0.899537109375,-0.223160156250,-0.286973632812,1.219680664062,0.391098632813,0.613161132812,0.003469726562,0.040207560420
2.673062717279,-0.901911132813,-0.222130859375,-0.290004882812,1.217352539062,0.392958007813,0.616892578125,0.003469726562,0.040207560420
2.683226453847,-0.904180664062,-0.221205078125,-0.293045898438,1.215034179687,0.394597656250,0.620610351562,0.003469726562,0.040207560420
2.693390190415,-0.906445312500,-0.220381835937,-0.296231445313,1.212714843750,0.396030273438,0.624742187500,0.003469726562,0.040207560420
2.703553926982,-0.908606445313,-0.219661132812,-0.299407226563,1.210531250000,0.397269531250,0.628666992187,0.003469726562,0.040207560420
2.713717663550,-0.910773437500,-0.218940429687,-0.302746093750,1.208500976563,0.398290039062,0.632605468750,0.003469726562,0.040207560420
2.723881400117,-0.912941406250,-0.218425781250,-0.305922851562,1.206470703125,0.399116210937,0.636530273438,0.003469726562,0.040207560420
2.734045136685,-0.915102539063,-0.217912109375,-0.309107421875,1.204584960937,0.399736328125,0.640248046875,0.003469726562,0.040207560420
2.744208873253,-0.917373046875,-0.217500000000,-0.312292968750,1.202689453125,0.400355468750,0.643966796875,0.003469726562,0.040207560420
2.754372609820,-0.919540039063,-0.217293945312,-0.315325195312,1.200948242187,0.400562500000,0.647491210937,0.003469726562,0.040207560420
2.764536346388,-0.921708007812,-0.216985351563,-0.318365234375,1.199351562500,0.400562500000,0.651002929687,0.003262695313,0.040207560420
2.774700082955,-0.923971679688,-0.216779296875,-0.321397460937,1.197753906250,0.400562500000,0.654514648437,0.003262695313,0.040207560420
2.784863819523,-0.928409179688,-0.216470703125,-0.327181640625,1.195001953125,0.400149414062,0.661125000000,0.003262695313,0.040207560420
2.795027556091,-0.930564453125,-0.216368164063,-0.330222656250,1.193693359375,0.399942382812,0.664017578125,0.003262695313,0.040207560420
2.805191292658,-0.932628906250,-0.216162109375,-0.333119140625,1.192673828125,0.399942382812,0.667116210937,0.003262695313,0.040207560420
2.815355029226,-0.934796875000,-0.215950195313,-0.336015625000,1.191509765625,0.399942382812,0.670020507812,0.003056640625,0.040207560420
2.825518765793,-0.936854492188,-0.215744140625,-0.338903320312,1.190643554688,0.400149414062,0.673119140625,0.003056640625,0.040207560420
2.835682502361,-0.938918945312,-0.215538085938,-0.341655273438,1.189768554688,0.400149414062,0.675598632812,0.003056640625,0.040207560420
2.845846238929,-0.941086914063,-0.215435546875,-0.344253906250,1.188902343750,0.400355468750,0.678077148437,0.003056640625,0.040207560420
2.856009975496,-0.943350585937,-0.215332031250,-0.346716796875,1.188170898437,0.400562500000,0.680349609375,0.003056640625,0.040207560420
2.866173712064,-0.945518554688,-0.215229492188,-0.349171875000,1.187304687500,0.400562500000,0.682415039063,0.003056640625,0.040207560420
2.876337448631,-0.947789062500,-0.215126953125,-0.351490234375,1.186574218750,0.400562500000,0.684687500000,0.003056640625,0.040207560420
2.886501185199,-0.950058593750,-0.215023437500,-0.353800781250,1.185996093750,0.400562500000,0.686546875000,0.003056640625,0.040207560420
2.896664921767,-0.952219726562,-0.214818359375,-0.356110351562,1.185418945312,0.400562500000,0.688406250000,0.003056640625,0.040207560420
2.906828658334,-0.954484375000,-0.214612304688,-0.358285156250,1.184833007813,0.400755859375,0.690265625000,0.003056640625,0.040207560420
2.916992394902,-0.956651367187,-0.214406250000,-0.360595703125,1.184399414063,0.400755859375,0.692124023438,0.003262695313,0.040207560420
2.927156131469,-0.958916015625,-0.214097656250,-0.362769531250,1.183965820313,0.400962890625,0.693777343750,0.003262695313,0.040207560420
2.937319868037,-0.961289062500,-0.213891601563,-0.364799804688,1.183668945312,0.401168945313,0.695429687500,0.003262695313,0.040207560420
2.947483604605,-0.963662109375,-0.213685546875,-0.366965820313,1.183235351563,0.401375976563,0.697082031250,0.003262695313,0.040207560420
2.957647341172,-0.966138671875,-0.213376953125,-0.368842773437,1.183090820312,0.401789062500,0.698528320313,0.003262695313,0.040207560420
2.967811077740,-0.968710937500,-0.213068359375,-0.370728515625,1.182946289062,0.402408203125,0.700193359375,0.003262695313,0.040207560420
2.977974814307,-0.971290039062,-0.212759765625,-0.372605468750,1.182946289062,0.403028320313,0.701846679688,0.003262695313,0.040207560420
2.988138550875,-0.973972656250,-0.212451171875,-0.374337890625,1.182802734375,0.403841796875,0.703291992188,0.003262695313,0.040207560420
2.998302287443,-0.976750976562,-0.212142578125,-0.375935546875,1.182802734375,0.404667968750,0.704738281250,0.003056640625,0.040207560420
3.008466024010,-0.979638671875,-0.211730468750,-0.377378906250,1.182802734375,0.405494140625,0.705977539063,0.003056640625,0.040207560420
3.018629760578,-0.982629882812,-0.211319335937,-0.378677734375,1.182802734375,0.406514648438,0.707217773438,0.003056640625,0.040207560420
3.028793497145,-0.985723632812,-0.210907226562,-0.379977539062,1.182802734375,0.407753906250,0.708663085938,0.003056640625,0.040207560420
3.038957233713,-0.988810546875,-0.210496093750,-0.381277343750,1.182802734375,0.408980468750,0.709903320313,0.003056640625,0.040207560420
3.049120970281,-0.991904296875,-0.209981445312,-0.382584960937,1.182802734375,0.410425781250,0.710935546875,0.003056640625,0.040207560420
3.059284706848,-0.995204101563,-0.209466796875,-0.383740234375,1.182658203125,0.411859375000,0.711968750000,0.003056640625,0.040207560420
3.069448443416,-0.998400390625,-0.208952148438,-0.384750976563,1.182658203125,0.413499023438,0.713001953125,0.003056640625,0.040207560420
3.079612179983,-1.001693359375,-0.208334960938,-0.385906250000,1.182658203125,0.415151367188,0.714034179688,0.003056640625,0.040207560420
3.089775916551,-1.005095703125,-0.207820312500,-0.386916992187,1.182658203125,0.416791015625,0.714860351563,0.003056640625,0.040207560420
3.099939653119,-1.008601562500,-0.207203125000,-0.387936523438,1.182658203125,0.418637695313,0.715480468750,0.003056640625,0.040207560420
3.110103389686,-1.012106445312,-0.206584960938,-0.388802734375,1.182658203125,0.420703125000,0.716306640625,0.003056640625,0.040207560420
3.120267126254,-1.015611328125,-0.205967773438,-0.389668945313,1.182658203125,0.422549804687,0.716926757813,0.003056640625,0.040207560420
3.130430862821,-1.019219726563,-0.205247070313,-0.390535156250,1.182658203125,0.424602539063,0.717339843750,0.003056640625,0.040207560420
3.140594599389,-1.022924804687,-0.204527343750,-0.391256835937,1.182658203125,0.426862304688,0.717958984375,0.003056640625,0.040207560420
3.150758335957,-1.026745117187,-0.203909179687,-0.391978515625,1.182658203125,0.429121093750,0.718372070313,0.003262695313,0.040207560420
3.160922072524,-1.030559570312,-0.203189453125,-0.392556640625,1.182658203125,0.431586914062,0.718785156250,0.003262695313,0.040207560420
3.171085809092,-1.034373046875,-0.202468750000,-0.393278320312,1.182658203125,0.434053710938,0.719199218750,0.003262695313,0.040207560420
3.181249545659,-1.038187500000,-0.201749023438,-0.393710937500,1.182658203125,0.436519531250,0.719612304688,0.003262695313,0.040207560420
3.191413282227,-1.042104492188,-0.201021484375,-0.394162109375,1.182658203125,0.438998046875,0.719818359375,0.003262695313,0.040207560420
3.201577018795,-1.046014648437,-0.200301757813,-0.394595703125,1.182658203125,0.441658203125,0.720025390625,0.003262695313,0.040207560420
3.211740755362,-1.049931640625,-0.199478515625,-0.394883789062,1.182802734375,0.444330078125,0.720231445313,0.003262695313,0.040207560420
3.221904491930,-1.053952148438,-0.198655273438,-0.395317382813,1.182802734375,0.447209960937,0.720231445313,0.003262695313,0.040207560420
3.232068228497,-1.057971679688,-0.197832031250,-0.395606445312,1.182802734375,0.449881835937,0.720231445313,0.003262695313,0.040207560420
3.242231965065,-1.061991210938,-0.196905273438,-0.395894531250,1.182802734375,0.452760742188,0.720025390625,0.003262695313,0.040207560420
3.252395701633,-1.066114257813,-0.195979492187,-0.396183593750,1.182658203125,0.455846679687,0.720025390625,0.003262695313,0.040207560420
3.262559438200,-1.070237304688,-0.194950195312,-0.396617187500,1.182513671875,0.458519531250,0.719818359375,0.003262695313,0.040207560420
3.272723174768,-1.074462890625,-0.194024414063,-0.396905273437,1.182513671875,0.461192382813,0.719612304688,0.003262695313,0.040207560420
3.282886911335,-1.078688476562,-0.193097656250,-0.397049804688,1.182369140625,0.464071289063,0.719612304688,0.003262695313,0.040207560420
3.293050647903,-1.082914062500,-0.192068359375,-0.397194335937,1.182224609375,0.466744140625,0.719405273438,0.003262695313,0.040207560420
3.303214384471,-1.087242187500,-0.191040039062,-0.397483398438,1.182071289063,0.469416015625,0.719405273438,0.003262695313,0.040207560420
3.313378121038,-1.091564453125,-0.190113281250,-0.397626953125,1.181926757812,0.472088867187,0.719405273438,0.003056640625,0.040207560420
3.323541857606,-1.095893554687,-0.189187500000,-0.397626953125,1.181782226562,0.474761718750,0.719405273438,0.003056640625,0.040207560420
3.333705594173,-1.100221679687,-0.188260742187,-0.397771484375,1.181494140625,0.477020507812,0.719405273438,0.003056640625,0.040207560420
3.343869330741,-1.104660156250,-0.187431640625,-0.397916015625,1.181205078125,0.479280273438,0.719199218750,0.003056640625,0.040207560420
3.354033067309,-1.109091796875,-0.186504882812,-0.398060546875,1.180916015625,0.481139648438,0.718992187500,0.003056640625,0.040207560420
3.364196803876,-1.113516601562,-0.185785156250,-0.398060546875,1.180627929687,0.483192382812,0.718785156250,0.003056640625,0.040207560420
3.374360540444,-1.118050781250,-0.185064453125,-0.398060546875,1.180330078125,0.485038085937,0.718579101563,0.003056640625,0.040207560420
3.384524277011,-1.122379882813,-0.184343750000,-0.398060546875,1.180041015625,0.486691406250,0.718579101563,0.003056640625,0.040207560420
3.394688013579,-1.126914062500,-0.183726562500,-0.398060546875,1.179751953125,0.488331054687,0.718372070313,0.003056640625,0.040207560420
3.404851750147,-1.135770507812,-0.182587890625,-0.398060546875,1.179319335938,0.490796875000,0.718372070313,0.003056640625,0.040207560420
3.415015486714,-1.140202148438,-0.182176757813,-0.398060546875,1.179174804687,0.491623046875,0.718372070313,0.003262695313,0.040207560420
3.425179223282,-1.144633789063,-0.181868164063,-0.398060546875,1.179030273437,0.492036132813,0.718579101563,0.003262695313,0.040207560420
3.435342959849,-1.149071289062,-0.181662109375,-0.397916015625,1.179030273437,0.492449218750,0.718579101563,0.003262695313,0.040207560420
3.445506696417,-1.153400390625,-0.181559570313,-0.397916015625,1.179174804687,0.492449218750,0.718579101563,0.003262695313,0.040207560420
3.455670432985,-1.157721679688,-0.181456054688,-0.397916015625,1.179174804687,0.492449218750,0.718785156250,0.003262695313,0.040207560420
3.465834169552,-1.162050781250,-0.181353515625,-0.397916015625,1.179174804687,0.492243164063,0.718992187500,0.003262695313,0.040207560420
3.475997906120,-1.166276367188,-0.181353515625,-0.397916015625,1.179174804687,0.492243164063,0.718992187500,0.003262695313,0.040207560420
3.486161642687,-1.170501953125,-0.181353515625,-0.397916015625,1.179174804687,0.492243164063,0.718992187500,0.003262695313,0.040207560420
3.496325379255,-1.174721679687,-0.181353515625,-0.398060546875,1.179174804687,0.492243164063,0.718785156250,0.003262695313,0.040207560420
3.506489115823,-1.178837890625,-0.181456054688,-0.398060546875,1.179030273437,0.492243164063,0.718785156250,0.003262695313,0.040207560420
3.516652852390,-1.182960937500,-0.181456054688,-0.398060546875,1.179030273437,0.492243164063,0.718785156250,0.003262695313,0.040207560420
3.526816588958,-1.187083007813,-0.181559570313,-0.398060546875,1.179030273437,0.492243164063,0.718785156250,0.003262695313,0.040207560420
3.536980325525,-1.191206054688,-0.181662109375,-0.398060546875,1.179030273437,0.492243164063,0.718785156250,0.003262695313,0.040207560420
3.547144062093,-1.195225585938,-0.181764648438,-0.398060546875,1.179174804687,0.492036132813,0.718785156250,0.003262695313,0.040207560420
3.557307798661,-1.199136718750,-0.181868164063,-0.398060546875,1.179174804687,0.491830078125,0.718992187500,0.003262695313,0.040207560420
3.567471535228,-1.203156250000,-0.181970703125,-0.397916015625,1.179319335938,0.491830078125,0.719199218750,0.003262695313,0.040207560420
3.577635271796,-1.207073242187,-0.181970703125,-0.397916015625,1.179463867187,0.491830078125,0.719199218750,0.003262695313,0.040207560420
3.587799008363,-1.210880859375,-0.181970703125,-0.397916015625,1.179463867187,0.491623046875,0.719612304688,0.003262695313,0.040207560420
3.597962744931,-1.214695312500,-0.181868164063,-0.397916015625,1.179463867187,0.491623046875,0.719818359375,0.003262695313,0.040207560420
3.608126481499,-1.218508789062,-0.181764648438,-0.397916015625,1.179608398438,0.491416992188,0.720025390625,0.003262695313,0.040207560420
3.618290218066,-1.222213867188,-0.181662109375,-0.397916015625,1.179608398438,0.491416992188,0.720231445313,0.003262695313,0.040207560420
3.628453954634,-1.226027343750,-0.181559570313,-0.397916015625,1.179608398438,0.491416992188,0.720438476563,0.003262695313,0.040207560420
3.638617691201,-1.229732421875,-0.181456054688,-0.397916015625,1.179751953125,0.491209960938,0.720644531250,0.003262695313,0.040207560420
3.648781427769,-1.233443359375,-0.181353515625,-0.397916015625,1.179751953125,0.491209960938,0.720644531250,0.003262695313,0.040207560420
3.658945164337,-1.237051757812,-0.181147460938,-0.397916015625,1.179896484375,0.491002929687,0.720851562500,0.003262695313,0.040207560420
3.669108900904,-1.240653320313,-0.181044921875,-0.397916015625,1.179896484375,0.491002929687,0.720851562500,0.003262695313,0.040207560420
3.679272637472,-1.244255859375,-0.180838867188,-0.397916015625,1.179896484375,0.490589843750,0.720851562500,0.003262695313,0.040207560420
3.689436374039,-1.247863281250,-0.180736328125,-0.397916015625,1.180041015625,0.490176757812,0.721057617188,0.003262695313,0.040207560420
3.699600110607,-1.251369140625,-0.180530273437,-0.397916015625,1.180185546875,0.489970703125,0.721057617188,0.003262695313,0.040207560420
3.709763847175,-1.254868164062,-0.180324218750,-0.397916015625,1.180330078125,0.489777343750,0.721057617188,0.003262695313,0.040207560420
3.719927583742,-1.258373046875,-0.180118164063,-0.397916015625,1.180474609375,0.489363281250,0.720851562500,0.003262695313,0.040207560420
3.730091320310,-1.261974609375,-0.180015625000,-0.397916015625,1.180627929687,0.488950195313,0.720851562500,0.003262695313,0.040207560420
3.740255056877,-1.265473632813,-0.179809570312,-0.397916015625,1.180916015625,0.488744140625,0.720851562500,0.003262695313,0.040207560420
3.750418793445,-1.269082031250,-0.179707031250,-0.397771484375,1.181205078125,0.488537109375,0.720851562500,0.003262695313,0.040207560420
3.760582530013,-1.272587890625,-0.179500976562,-0.397771484375,1.181494140625,0.488537109375,0.720851562500,0.003262695313,0.040207560420
3.770746266580,-1.276085937500,-0.179294921875,-0.397771484375,1.181638671875,0.488537109375,0.720851562500,0.003262695313,0.040207560420
3.780910003148,-1.279488281250,-0.179192382812,-0.397771484375,1.181926757812,0.488537109375,0.720644531250,0.003262695313,0.040207560420
3.791073739716,-1.282987304687,-0.178986328125,-0.397771484375,1.182071289063,0.488537109375,0.720644531250,0.003262695313,0.040207560420
3.801237476283,-1.286486328125,-0.178883789062,-0.397916015625,1.182369140625,0.488331054687,0.720644531250,0.003262695313,0.040207560420
3.811401212851,-1.289888671875,-0.178677734375,-0.397916015625,1.182513671875,0.488331054687,0.720644531250,0.003262695313,0.040207560420
3.821564949418,-1.293491210938,-0.178471679687,-0.397916015625,1.182658203125,0.488331054687,0.720438476563,0.003262695313,0.040207560420
3.831728685986,-1.296996093750,-0.178369140625,-0.397916015625,1.182802734375,0.488331054687,0.720438476563,0.003262695313,0.040207560420
3.841892422554,-1.300500976562,-0.178163085937,-0.397916015625,1.183090820312,0.488331054687,0.720438476563,0.003262695313,0.040207560420
3.852056159121,-1.304096679687,-0.178060546875,-0.398060546875,1.183235351563,0.488331054687,0.720231445313,0.003262695313,0.040207560420
3.862219895689,-1.307705078125,-0.177854492187,-0.397916015625,1.183379882812,0.488124023437,0.720025390625,0.003262695313,0.040207560420
3.872383632256,-1.311306640625,-0.177751953125,-0.397916015625,1.183524414063,0.488124023437,0.720025390625,0.003262695313,0.040207560420
3.882547368824,-1.315017578125,-0.177545898437,-0.397916015625,1.183668945312,0.487917968750,0.719612304688,0.003056640625,0.040207560420
3.892711105392,-1.318625976562,-0.177442382812,-0.398060546875,1.183822265625,0.487710937500,0.719199218750,0.003056640625,0.040207560420
3.902874841959,-1.322331054688,-0.177237304688,-0.397916015625,1.183965820313,0.487104492188,0.718785156250,0.003056640625,0.040207560420
3.913038578527,-1.326035156250,-0.177031250000,-0.397916015625,1.184110351562,0.486484375000,0.717958984375,0.003056640625,0.040207560420
3.923202315094,-1.329842773438,-0.176825195312,-0.397916015625,1.184254882812,0.485865234375,0.717132812500,0.003056640625,0.040207560420
3.933366051662,-1.333554687500,-0.176516601562,-0.397916015625,1.184399414063,0.485038085937,0.716100585938,0.003056640625,0.040207560420
3.943529788230,-1.337368164062,-0.176208007813,-0.397916015625,1.184399414063,0.484018554687,0.714860351563,0.003056640625,0.040207560420
3.953693524797,-1.341279296875,-0.175899414063,-0.397916015625,1.184399414063,0.482985351562,0.713415039063,0.003056640625,0.040207560420
3.963857261365,-1.345086914062,-0.175590820313,-0.397916015625,1.184543945312,0.481953125000,0.711761718750,0.003056640625,0.040207560420
3.974020997932,-1.348894531250,-0.175384765625,-0.397916015625,1.184543945312,0.480726562500,0.709903320313,0.003056640625,0.040207560420
3.984184734500,-1.352914062500,-0.175076171875,-0.397916015625,1.184688476563,0.479280273438,0.708043945313,0.003056640625,0.040207560420
3.994348471068,-1.356831054687,-0.174767578125,-0.397916015625,1.184688476563,0.477433593750,0.705977539063,0.003056640625,0.040207560420
4.004512207635,-1.360844726563,-0.174458007813,-0.397916015625,1.184976562500,0.476000976563,0.703912109375,0.003056640625,0.040207560420
4.014675944203,-1.364864257813,-0.174149414063,-0.398060546875,1.184976562500,0.473728515625,0.701639648438,0.003056640625,0.040207560420
4.024839680770,-1.368974609375,-0.173840820313,-0.398060546875,1.185121093750,0.471881835937,0.699574218750,0.003262695313,0.040207560420
4.035003417338,-1.373096679687,-0.173525390625,-0.398060546875,1.185265625000,0.469829101563,0.697289062500,0.003262695313,0.040207560420
4.045167153906,-1.381644531250,-0.172908203125,-0.398060546875,1.185265625000,0.465310546875,0.692124023438,0.003262695313,0.040207560420
4.055330890473,-1.385864257812,-0.172599609375,-0.398060546875,1.185418945312,0.462832031250,0.689645507813,0.003262695313,0.040207560420
4.065494627041,-1.390289062500,-0.172188476562,-0.397916015625,1.185265625000,0.460159179687,0.686959960938,0.003262695313,0.040207560420
4.075658363608,-1.394720703125,-0.171776367188,-0.397916015625,1.185418945312,0.458519531250,0.684481445312,0.003262695313,0.040207560420
4.085822100176,-1.399145507812,-0.171467773437,-0.397771484375,1.185418945312,0.456053710938,0.682001953125,0.003262695313,0.040207560420
4.095985836744,-1.403679687500,-0.171055664063,-0.397771484375,1.185265625000,0.454000976562,0.679523437500,0.003262695313,0.040207560420
4.106149573311,-1.408208007813,-0.170541992187,-0.397626953125,1.185265625000,0.452154296875,0.676837890625,0.003262695313,0.040207560420
4.116313309879,-1.412838867188,-0.170129882812,-0.397626953125,1.185265625000,0.450294921875,0.674152343750,0.003262695313,0.040207560420
4.126477046446,-1.417373046875,-0.169615234375,-0.397626953125,1.185121093750,0.449068359375,0.671673828125,0.003262695313,0.040207560420
4.136640783014,-1.422003906250,-0.169100585937,-0.397626953125,1.185265625000,0.448449218750,0.669194335937,0.003262695313,0.040207560420
4.146804519582,-1.426634765625,-0.168585937500,-0.397483398438,1.185121093750,0.447416015625,0.666703125000,0.003262695313,0.040207560420
4.156968256149,-1.431163085937,-0.168071289062,-0.397338867188,1.185265625000,0.447623046875,0.664636718750,0.003262695313,0.040207560420
4.167131992717,-1.435800781250,-0.167454101563,-0.397338867188,1.185265625000,0.447209960937,0.662571289062,0.003262695313,0.040207560420
4.177295729284,-1.440328125000,-0.166836914063,-0.397338867188,1.185265625000,0.447002929687,0.661125000000,0.003262695313,0.040207560420
4.187459465852,-1.444863281250,-0.166219726563,-0.397483398438,1.185265625000,0.447209960937,0.659472656250,0.003262695313,0.040207560420
4.197623202420,-1.449384765625,-0.165499023438,-0.397483398438,1.185121093750,0.447209960937,0.657820312500,0.003262695313,0.040207560420
4.207786938987,-1.454021484375,-0.164778320313,-0.397483398438,1.184976562500,0.447209960937,0.656167968750,0.003262695313,0.040207560420
4.217950675555,-1.458755859375,-0.164263671875,-0.397483398438,1.184976562500,0.447209960937,0.654721679687,0.003056640625,0.040207560420
4.228114412122,-1.463392578125,-0.163646484375,-0.397483398438,1.184833007813,0.447002929687,0.653275390625,0.003056640625,0.040207560420
4.238278148690,-1.468017578125,-0.162926757812,-0.397338867188,1.184833007813,0.447002929687,0.651829101562,0.003056640625,0.040207560420
4.248441885258,-1.472654296875,-0.162308593750,-0.397338867188,1.184688476563,0.446396484375,0.650383789063,0.003056640625,0.040207560420
4.258605621825,-1.477285156250,-0.161691406250,-0.397483398438,1.184688476563,0.446809570313,0.649556640625,0.003056640625,0.040207560420
4.268769358393,-1.481820312500,-0.160970703125,-0.397483398438,1.184688476563,0.446602539063,0.648317382812,0.003056640625,0.040207560420
4.278933094960,-1.486451171875,-0.160450195312,-0.397483398438,1.184688476563,0.446602539063,0.647491210937,0.003056640625,0.040207560420
4.289096831528,-1.491082031250,-0.159833007813,-0.397483398438,1.184833007813,0.446189453125,0.646872070313,0.003056640625,0.040207560420
4.299260568096,-1.495718750000,-0.159318359375,-0.397626953125,1.184976562500,0.445983398438,0.646445312500,0.003056640625,0.040207560420
4.309424304663,-1.500349609375,-0.158803710938,-0.397771484375,1.184976562500,0.445569335937,0.646239257813,0.003056640625,0.040207560420
4.319588041231,-1.504877929687,-0.158186523438,-0.397771484375,1.185121093750,0.445156250000,0.645826171875,0.003056640625,0.040207560420
4.329751777798,-1.509508789063,-0.157568359375,-0.397771484375,1.185121093750,0.444537109375,0.645826171875,0.003056640625,0.040207560420
4.339915514366,-1.514139648438,-0.157053710938,-0.397626953125,1.185121093750,0.443929687500,0.646032226563,0.003056640625,0.040207560420
4.350079250934,-1.518777343750,-0.156539062500,-0.397483398438,1.184976562500,0.443103515625,0.646032226563,0.002849609375,0.040207560420
4.360242987501,-1.523408203125,-0.156127929688,-0.397194335937,1.184833007813,0.442277343750,0.646032226563,0.002849609375,0.040207560420
4.370406724069,-1.528039062500,-0.155613281250,-0.397194335937,1.184688476563,0.441658203125,0.646032226563,0.002849609375,0.040207560420
4.380570460636,-1.532457031250,-0.155098632812,-0.397194335937,1.184543945312,0.441050781250,0.645826171875,0.002849609375,0.040207560420
4.390734197204,-1.536992187500,-0.154687500000,-0.397194335937,1.184399414063,0.440224609375,0.645826171875,0.002643554687,0.040207560420
4.400897933772,-1.541313476563,-0.154275390625,-0.397338867188,1.184254882812,0.439398437500,0.645619140625,0.002643554687,0.040207560420
4.411061670339,-1.545739257812,-0.153966796875,-0.397338867188,1.184254882812,0.438998046875,0.645619140625,0.002643554687,0.040207560420
4.421225406907,-1.549958007812,-0.153658203125,-0.397194335937,1.183965820313,0.437964843750,0.645413085938,0.002643554687,0.040207560420
4.431389143474,-1.554280273438,-0.153349609375,-0.397338867188,1.183822265625,0.437758789062,0.645619140625,0.002643554687,0.040207560420
4.441552880042,-1.558602539063,-0.153246093750,-0.397194335937,1.183668945312,0.436519531250,0.645413085938,0.002643554687,0.040207560420
4.451716616610,-1.562822265625,-0.153041015625,-0.397194335937,1.183524414063,0.436325195313,0.645619140625,0.002643554687,0.040207560420
4.461880353177,-1.566944335937,-0.152937500000,-0.397338867188,1.183379882812,0.435706054688,0.645413085938,0.002436523438,0.040207560420
4.472044089745,-1.571157226563,-0.152937500000,-0.397338867188,1.183090820312,0.434879882813,0.645619140625,0.002436523438,0.040207560420
4.482207826312,-1.575170898437,-0.152937500000,-0.397338867188,1.182946289062,0.434466796875,0.645413085938,0.002436523438,0.040207560420
4.492371562880,-1.579287109375,-0.152937500000,-0.397194335937,1.182802734375,0.433846679688,0.645413085938,0.002436523438,0.040207560420
4.502535299448,-1.583300781250,-0.152937500000,-0.397194335937,1.182369140625,0.433240234375,0.645413085938,0.002436523438,0.040207560420
4.512699036015,-1.587210937500,-0.153041015625,-0.397194335937,1.182224609375,0.433033203125,0.645206054688,0.002643554687,0.040207560420
4.522862772583,-1.591224609375,-0.153041015625,-0.397194335937,1.181926757812,0.432620117187,0.645413085938,0.002643554687,0.040207560420
4.533026509150,-1.595032226563,-0.153041015625,-0.397194335937,1.181638671875,0.432413085937,0.645413085938,0.002643554687,0.040207560420
4.543190245718,-1.598942382813,-0.153143554687,-0.397194335937,1.181494140625,0.432413085937,0.645413085938,0.002643554687,0.040207560420
4.553353982286,-1.602750000000,-0.153143554687,-0.397194335937,1.181349609375,0.432207031250,0.645413085938,0.002643554687,0.040207560420
4.563517718853,-1.606557617188,-0.153246093750,-0.397194335937,1.181060546875,0.432207031250,0.645413085938,0.002643554687,0.040207560420
4.573681455421,-1.610365234375,-0.153349609375,-0.397194335937,1.180916015625,0.432413085937,0.645413085938,0.002643554687,0.040207560420
4.583845191988,-1.614166992187,-0.153452148437,-0.397194335937,1.180627929687,0.432620117187,0.645413085938,0.002643554687,0.040207560420
4.594008928556,-1.617974609375,-0.153554687500,-0.397194335937,1.180330078125,0.432620117187,0.645413085938,0.002436523438,0.040207560420
4.604172665124,-1.621685546875,-0.153554687500,-0.397194335937,1.180041015625,0.432827148437,0.645413085938,0.002436523438,0.040207560420
4.614336401691,-1.625390625000,-0.153658203125,-0.397338867188,1.179751953125,0.433240234375,0.645206054688,0.002436523438,0.040207560420
4.624500138259,-1.629094726562,-0.153760742187,-0.397338867188,1.179463867187,0.433446289062,0.645206054688,0.002436523438,0.040207560420
4.634663874826,-1.632896484375,-0.153864257812,-0.397338867188,1.179030273437,0.433846679688,0.645206054688,0.002436523438,0.040207560420
4.644827611394,-1.636600585937,-0.153966796875,-0.397194335937,1.178732421875,0.434466796875,0.645413085938,0.002436523438,0.040207560420
4.654991347962,-1.640408203125,-0.154069335937,-0.397194335937,1.178299804687,0.435085937500,0.645619140625,0.002436523438,0.040207560420
4.665155084529,-1.644113281250,-0.154172851562,-0.397194335937,1.177866210937,0.435912109375,0.645619140625,0.002436523438,0.040207560420
4.675318821097,-1.651625976563,-0.154275390625,-0.397194335937,1.176991210938,0.437758789062,0.645619140625,0.002216796875,0.040207560420
4.685482557664,-1.655324218750,-0.154378906250,-0.397049804688,1.176557617188,0.438998046875,0.645619140625,0.002216796875,0.040207560420
4.695646294232,-1.659028320313,-0.154378906250,-0.397049804688,1.176125000000,0.440224609375,0.645619140625,0.002010742188,0.040207560420
4.705810030800,-1.662733398437,-0.154275390625,-0.397049804688,1.175682617187,0.441864257812,0.645619140625,0.002010742188,0.040207560420
4.715973767367,-1.666334960937,-0.154275390625,-0.396905273437,1.175250000000,0.443723632812,0.645619140625,0.002010742188,0.040207560420
4.726137503935,-1.670040039063,-0.154172851562,-0.396905273437,1.174816406250,0.445569335937,0.645826171875,0.002010742188,0.040207560420
4.736301240502,-1.673532226562,-0.154069335937,-0.396760742188,1.174527343750,0.447829101562,0.645826171875,0.002010742188,0.040207560420
4.746464977070,-1.677237304687,-0.153966796875,-0.396617187500,1.174085937500,0.450088867188,0.646032226563,0.002010742188,0.040207560420
4.756628713638,-1.680735351563,-0.153760742187,-0.396617187500,1.173652343750,0.452760742188,0.646032226563,0.001803710937,0.040207560420
4.766792450205,-1.684234375000,-0.153554687500,-0.396472656250,1.173364257813,0.455433593750,0.645826171875,0.001803710937,0.040207560420
4.776956186773,-1.687733398438,-0.153246093750,-0.396328125000,1.173075195313,0.458312500000,0.645826171875,0.001803710937,0.040207560420
4.787119923340,-1.691129882813,-0.152937500000,-0.396183593750,1.172632812500,0.461192382813,0.645826171875,0.001803710937,0.040207560420
4.797283659908,-1.694519531250,-0.152628906250,-0.395894531250,1.172343750000,0.464071289063,0.645826171875,0.001803710937,0.040207560420
4.807447396476,-1.697915039062,-0.152217773438,-0.395606445312,1.172055664062,0.467157226563,0.646032226563,0.001803710937,0.040207560420
4.817611133043,-1.701208007813,-0.151805664063,-0.395317382813,1.171766601562,0.470449218750,0.646032226563,0.001803710937,0.040207560420
4.827774869611,-1.704500976563,-0.151291015625,-0.394740234375,1.171477539063,0.473728515625,0.645826171875,0.001803710937,0.040207560420
4.837938606178,-1.707793945312,-0.150776367188,-0.394306640625,1.171036132813,0.477020507812,0.646032226563,0.001803710937,0.040207560420
4.848102342746,-1.711087890625,-0.150261718750,-0.393710937500,1.170747070313,0.480313476563,0.645826171875,0.001803710937,0.040207560420
4.858266079314,-1.714271484375,-0.149644531250,-0.393278320312,1.170313476563,0.483605468750,0.645826171875,0.001803710937,0.040207560420
4.868429815881,-1.717358398438,-0.148923828125,-0.392700195312,1.169880859375,0.486897460938,0.645826171875,0.001803710937,0.040207560420
4.878593552449,-1.720548828125,-0.148204101562,-0.392123046875,1.169591796875,0.490383789063,0.645826171875,0.001803710937,0.040207560420
4.888757289017,-1.723635742187,-0.147477539062,-0.391545898437,1.169149414063,0.493882812500,0.645826171875,0.001803710937,0.040207560420
4.898921025584,-1.726716796875,-0.146550781250,-0.391112304688,1.168716796875,0.497381835938,0.645826171875,0.001597656250,0.040207560420
4.909084762152,-1.729803710937,-0.145727539062,-0.390535156250,1.168139648437,0.500879882812,0.645826171875,0.001597656250,0.040207560420
4.919248498719,-1.732788085938,-0.144801757812,-0.389957031250,1.167697265625,0.504366210938,0.645826171875,0.001597656250,0.040207560420
4.929412235287,-1.735663085937,-0.143772460938,-0.389379882813,1.167119140625,0.507865234375,0.645826171875,0.001597656250,0.040207560420
4.939575971855,-1.738544921875,-0.142743164063,-0.388802734375,1.166397460938,0.511364257812,0.645826171875,0.001390625000,0.040207560420
4.949739708422,-1.741425781250,-0.141713867188,-0.388369140625,1.165666992188,0.514656250000,0.645826171875,0.001390625000,0.040207560420
4.959903444990,-1.744205078125,-0.140582031250,-0.387936523438,1.164791992188,0.518142578125,0.645619140625,0.001390625000,0.040207560420
4.970067181557,-1.746879882813,-0.139450195312,-0.387349609375,1.163781250000,0.521434570312,0.645619140625,0.001390625000,0.040207560420
4.980230918125,-1.749555664063,-0.138420898437,-0.386772460938,1.162761718750,0.524313476563,0.645826171875,0.001390625000,0.040207560420
4.990394654693,-1.752231445313,-0.137289062500,-0.386194335938,1.161750976563,0.527399414063,0.646032226563,0.001390625000,0.040207560420
5.000558391260,-1.754804687500,-0.136157226563,-0.385761718750,1.160586914063,0.530278320312,0.646032226563,0.001390625000,0.040207560420
5.010722127828,-1.757267578125,-0.135127929688,-0.385184570312,1.159278320313,0.533157226562,0.646032226563,0.001390625000,0.040207560420
5.020885864395,-1.759731445312,-0.133989257813,-0.384606445312,1.157969726562,0.536037109375,0.646239257813,0.001390625000,0.040207560420
5.031049600963,-1.762097656250,-0.132857421875,-0.384173828125,1.156661132813,0.538916015625,0.646239257813,0.001390625000,0.040207560420
5.041213337531,-1.764362304688,-0.131725585938,-0.383595703125,1.155208984375,0.541588867187,0.646239257813,0.001390625000,0.040207560420
5.051377074098,-1.766625976563,-0.130593750000,-0.383163085937,1.153755859375,0.544067382812,0.646239257813,0.001390625000,0.040207560420
5.061540810666,-1.768787109375,-0.129461914062,-0.382729492188,1.152159179687,0.546533203125,0.646239257813,0.001390625000,0.040207560420
5.071704547233,-1.770844726563,-0.128226562500,-0.382296875000,1.150561523437,0.548792968750,0.646445312500,0.001390625000,0.040207560420
5.081868283801,-1.772903320312,-0.127094726563,-0.381863281250,1.148964843750,0.550845703125,0.646239257813,0.001390625000,0.040207560420
5.092032020369,-1.774858398437,-0.125860351563,-0.381420898437,1.147222656250,0.552911132813,0.646239257813,0.001390625000,0.040207560420
5.102195756936,-1.776710937500,-0.124522460937,-0.381132812500,1.145336914063,0.554757812500,0.646445312500,0.001390625000,0.040207560420
5.112359493504,-1.778556640625,-0.123184570313,-0.380699218750,1.143595703125,0.556603515625,0.646652343750,0.001390625000,0.040207560420
5.122523230071,-1.780402343750,-0.121737304688,-0.380411132812,1.141709960938,0.558462890625,0.646652343750,0.001390625000,0.040207560420
5.132686966639,-1.782152343750,-0.120296875000,-0.380122070313,1.139967773437,0.560515625000,0.646872070313,0.001390625000,0.040207560420
5.142850703207,-1.783798828125,-0.118752929687,-0.379833007813,1.138073242187,0.562155273438,0.647285156250,0.001597656250,0.040207560420
5.153014439774,-1.785445312500,-0.117208984375,-0.379544921875,1.136042968750,0.564014648438,0.647698242188,0.001597656250,0.040207560420
5.163178176342,-1.786989257812,-0.115459960937,-0.379544921875,1.134157226562,0.565861328125,0.648111328125,0.001597656250,0.040207560420
5.173341912909,-1.788532226563,-0.113813476563,-0.379400390625,1.132271484375,0.567720703125,0.648730468750,0.001597656250,0.040207560420
5.183505649477,-1.790076171875,-0.112063476563,-0.379255859375,1.130231445312,0.569360351562,0.649556640625,0.001597656250,0.040207560420
5.193669386045,-1.791516601562,-0.110198242188,-0.379255859375,1.128201171875,0.571206054687,0.650383789063,0.001803710937,0.040207560420
5.203833122612,-1.792854492188,-0.108345703125,-0.379255859375,1.126315429687,0.573271484375,0.651209960938,0.001803710937,0.040207560420
5.213996859180,-1.794192382812,-0.106390625000,-0.379255859375,1.124276367188,0.575531250000,0.652449218750,0.001803710937,0.040207560420
5.224160595747,-1.795530273438,-0.104435546875,-0.379255859375,1.122246093750,0.577791015625,0.653895507813,0.001803710937,0.040207560420
5.234324332315,-1.796868164062,-0.102376953125,-0.379400390625,1.120215820313,0.580063476563,0.655340820312,0.001803710937,0.040207560420
5.244488068883,-1.798096679687,-0.100421875000,-0.379400390625,1.118032226563,0.582529296875,0.656994140625,0.001803710937,0.040207560420
5.254651805450,-1.799222656250,-0.098357421875,-0.379400390625,1.116001953125,0.584995117187,0.658439453125,0.001803710937,0.040207560420
5.264815542018,-1.800354492188,-0.096196289062,-0.379400390625,1.113827148437,0.587460937500,0.659885742187,0.001803710937,0.040207560420
5.274979278585,-1.801486328125,-0.094138671875,-0.379400390625,1.111643554688,0.590133789063,0.661332031250,0.001803710937,0.040207560420
5.285143015153,-1.802515625000,-0.091977539063,-0.379400390625,1.109468750000,0.592819335938,0.662778320312,0.001803710937,0.040207560420
5.295306751721,-1.803543945312,-0.089918945312,-0.379400390625,1.107285156250,0.595491210938,0.664223632812,0.001803710937,0.040207560420
5.305470488288,-1.804573242188,-0.087861328125,-0.379400390625,1.105110351563,0.597958007812,0.665876953125,0.001803710937,0.040207560420
5.315634224856,-1.805500000000,-0.085795898438,-0.379255859375,1.102935546875,0.600629882812,0.667322265625,0.001803710937,0.040207560420
5.325797961423,-1.807249023438,-0.081885742187,-0.379400390625,1.098721679687,0.605575195313,0.670227539062,0.001803710937,0.040207560420
5.335961697991,-1.808072265625,-0.079930664063,-0.379400390625,1.096538085938,0.607834960938,0.671673828125,0.001803710937,0.040207560420
5.346125434559,-1.808792968750,-0.078078125000,-0.379544921875,1.094507812500,0.609887695312,0.672706054687,0.001803710937,0.040207560420
5.356289171126,-1.809512695313,-0.076225585938,-0.379544921875,1.092333007812,0.611953125000,0.673739257812,0.002010742188,0.040207560420
5.366452907694,-1.810130859375,-0.074367187500,-0.379688476562,1.090149414063,0.613799804687,0.674978515625,0.002010742188,0.040207560420
5.376616644261,-1.810748046875,-0.072617187500,-0.379833007813,1.088119140625,0.615852539063,0.675804687500,0.002010742188,0.040207560420
5.386780380829,-1.811365234375,-0.070868164063,-0.379833007813,1.086088867187,0.617504882813,0.676631835937,0.002216796875,0.040207560420
5.396944117397,-1.811982421875,-0.069221679687,-0.379833007813,1.084049804688,0.619144531250,0.677250976562,0.002216796875,0.040207560420
5.407107853964,-1.812497070313,-0.067471679687,-0.379833007813,1.082019531250,0.620590820313,0.677871093750,0.002216796875,0.040207560420
5.417271590532,-1.813011718750,-0.065825195313,-0.379833007813,1.080133789063,0.622023437500,0.678284179687,0.002216796875,0.040207560420
5.427435327099,-1.813423828125,-0.064275390625,-0.379833007813,1.078239257812,0.623262695313,0.678284179687,0.002216796875,0.040207560420
5.437599063667,-1.813931640625,-0.062731445312,-0.379833007813,1.076352539062,0.624295898437,0.678490234375,0.002436523438,0.040207560420
5.447762800235,-1.814343750000,-0.061291015625,-0.379833007813,1.074466796875,0.625316406250,0.678697265625,0.002436523438,0.040207560420
5.457926536802,-1.814652343750,-0.059850585937,-0.379833007813,1.072725585938,0.626348632812,0.678903320313,0.002643554687,0.040207560420
5.468090273370,-1.814960937500,-0.058512695313,-0.379977539062,1.070984375000,0.627381835937,0.678903320313,0.002643554687,0.040207560420
5.478254009937,-1.815269531250,-0.057174804687,-0.379977539062,1.069386718750,0.628208007812,0.678903320313,0.002643554687,0.040207560420
5.488417746505,-1.815578125000,-0.055939453125,-0.379977539062,1.067636718750,0.629021484375,0.679110351562,0.002643554687,0.040207560420
5.498581483073,-1.815784179688,-0.054705078125,-0.379977539062,1.066039062500,0.629847656250,0.679316406250,0.002643554687,0.040207560420
5.508745219640,-1.815990234375,-0.053566406250,-0.379833007813,1.064586914062,0.630673828125,0.679316406250,0.002849609375,0.040207560420
5.518908956208,-1.816195312500,-0.052434570312,-0.379833007813,1.063125000000,0.631500000000,0.679316406250,0.002849609375,0.040207560420
5.529072692775,-1.816298828125,-0.051405273438,-0.379977539062,1.061671875000,0.632313476563,0.679316406250,0.002849609375,0.040207560420
5.539236429343,-1.816401367187,-0.050375976563,-0.380122070313,1.060218750000,0.633346679688,0.679316406250,0.002849609375,0.040207560420
5.549400165911,-1.816401367187,-0.049450195313,-0.380122070313,1.058919921875,0.634172851563,0.679316406250,0.002849609375,0.040207560420
5.559563902478,-1.816401367187,-0.048524414063,-0.380266601562,1.057755859375,0.634999023438,0.679316406250,0.002849609375,0.040207560420
5.569727639046,-1.816401367187,-0.047803710938,-0.380411132812,1.056591796875,0.635812500000,0.679523437500,0.003056640625,0.040207560420
5.579891375613,-1.816401367187,-0.047083007813,-0.380411132812,1.055427734375,0.636638671875,0.679523437500,0.003056640625,0.040207560420
5.590055112181,-1.816401367187,-0.046465820313,-0.380411132812,1.054561523438,0.637464843750,0.679730468750,0.003056640625,0.040207560420
5.600218848749,-1.816298828125,-0.045951171875,-0.380554687500,1.053686523437,0.638291015625,0.679936523437,0.003056640625,0.040207560420
5.610382585316,-1.816195312500,-0.045540039063,-0.380554687500,1.052820312500,0.639104492187,0.680349609375,0.003056640625,0.040207560420
5.620546321884,-1.816092773438,-0.045127929687,-0.380699218750,1.052088867187,0.639724609375,0.680762695312,0.003056640625,0.040207560420
5.630710058451,-1.815990234375,-0.044921875000,-0.380699218750,1.051511718750,0.640550781250,0.681175781250,0.003056640625,0.040207560420
5.640873795019,-1.815990234375,-0.044819335938,-0.380554687500,1.051069335938,0.641170898437,0.681588867188,0.003056640625,0.040207560420
5.651037531587,-1.815886718750,-0.044716796875,-0.380554687500,1.050636718750,0.641790039062,0.682415039063,0.003056640625,0.040207560420
5.661201268154,-1.815784179688,-0.044716796875,-0.380554687500,1.050347656250,0.642397460938,0.683035156250,0.003056640625,0.040207560420
5.671365004722,-1.815680664063,-0.044819335938,-0.380554687500,1.050058593750,0.642810546875,0.683861328125,0.003056640625,0.040207560420
5.681528741289,-1.815578125000,-0.044921875000,-0.380554687500,1.049914062500,0.643429687500,0.684894531250,0.003056640625,0.040207560420
5.691692477857,-1.815578125000,-0.045025390625,-0.380699218750,1.049616210938,0.643636718750,0.685926757813,0.003056640625,0.040207560420
5.701856214425,-1.815475585938,-0.045231445313,-0.380699218750,1.049616210938,0.644049804687,0.687166992187,0.003056640625,0.040207560420
5.712019950992,-1.815475585938,-0.045540039063,-0.380699218750,1.049616210938,0.644255859375,0.688406250000,0.003056640625,0.040207560420
5.722183687560,-1.815372070313,-0.045848632812,-0.380699218750,1.049616210938,0.644255859375,0.689852539062,0.003056640625,0.040207560420
5.732347424127,-1.815372070313,-0.046157226563,-0.380843750000,1.049616210938,0.644255859375,0.691297851563,0.003056640625,0.040207560420
5.742511160695,-1.815372070313,-0.046465820313,-0.380843750000,1.049616210938,0.644049804687,0.692951171875,0.003056640625,0.040207560420
5.752674897263,-1.815372070313,-0.046774414062,-0.380988281250,1.049769531250,0.643842773437,0.694809570313,0.003056640625,0.040207560420
5.762838633830,-1.815372070313,-0.047186523438,-0.380988281250,1.049769531250,0.643842773437,0.696875976562,0.003262695313,0.040207560420
5.773002370398,-1.815372070313,-0.047597656250,-0.381132812500,1.049769531250,0.643636718750,0.699161132813,0.003262695313,0.040207560420
5.783166106965,-1.815372070313,-0.047906250000,-0.381277343750,1.049769531250,0.643429687500,0.701433593750,0.003262695313,0.040207560420
5.793329843533,-1.815372070313,-0.048215820312,-0.381420898437,1.049769531250,0.643223632812,0.703706054688,0.003262695313,0.040207560420
5.803493580101,-1.815372070313,-0.048524414063,-0.381718750000,1.049769531250,0.643016601562,0.705977539063,0.003262695313,0.040207560420
5.813657316668,-1.815269531250,-0.048833007813,-0.382007812500,1.049769531250,0.642810546875,0.708457031250,0.003262695313,0.040207560420
5.823821053236,-1.815269531250,-0.049141601562,-0.382441406250,1.049769531250,0.642603515625,0.710935546875,0.003262695313,0.040207560420
5.833984789803,-1.815166992187,-0.049347656250,-0.382874023437,1.049769531250,0.642397460938,0.713208007813,0.003262695313,0.040207560420
5.844148526371,-1.815166992187,-0.049552734375,-0.383451171875,1.049769531250,0.641997070312,0.715893554688,0.003262695313,0.040207560420
5.854312262939,-1.815166992187,-0.049758789063,-0.383884765625,1.049616210938,0.641790039062,0.718166015625,0.003262695313,0.040207560420
5.864475999506,-1.815063476562,-0.049964843750,-0.384461914063,1.049616210938,0.641376953125,0.720231445313,0.003262695313,0.040207560420
5.874639736074,-1.815063476562,-0.050170898438,-0.385040039063,1.049616210938,0.640963867187,0.722297851563,0.003262695313,0.040207560420
5.884803472641,-1.815063476562,-0.050375976563,-0.385472656250,1.049616210938,0.640757812500,0.723124023438,0.003262695313,0.040207560420
5.894967209209,-1.815063476562,-0.050170898438,-0.386194335938,1.049039062500,0.640550781250,0.724156250000,0.003262695313,0.040207560420
5.905130945777,-1.815166992187,-0.050067382812,-0.386627929687,1.048606445312,0.640757812500,0.724363281250,0.003262695313,0.040207560420
5.915294682344,-1.815475585938,-0.050170898438,-0.387205078125,1.048164062500,0.640757812500,0.724363281250,0.003262695313,0.040207560420
5.925458418912,-1.815578125000,-0.050273437500,-0.387638671875,1.048164062500,0.640550781250,0.724363281250,0.003262695313,0.040207560420
5.935622155480,-1.815578125000,-0.050479492188,-0.387791992187,1.048317382813,0.640757812500,0.723537109375,0.003262695313,0.040207560420
5.945785892047,-1.815680664063,-0.050479492188,-0.388224609375,1.048019531250,0.640550781250,0.724156250000,0.003262695313,0.040207560420
5.955949628615,-1.815680664063,-0.050685546875,-0.388513671875,1.048019531250,0.640550781250,0.724363281250,0.003262695313,0.040207560420
5.966113365182,-1.815680664063,-0.050890625000,-0.388658203125,1.048164062500,0.640550781250,0.723950195313,0.003262695313,0.040207560420
5.976277101750,-1.815680664063,-0.050890625000,-0.388947265625,1.047875000000,0.640344726562,0.724363281250,0.003262695313,0.040207560420
5.986440838318,-1.815680664063,-0.050890625000,-0.389090820312,1.047875000000,0.640550781250,0.723950195313,0.003262695313,0.040207560420
5.996604574885,-1.815680664063,-0.050994140625,-0.389090820312,1.047875000000,0.640757812500,0.723950195313,0.003262695313,0.040207560420
6.006768311453,-1.815680664063,-0.051096679688,-0.389090820312,1.047875000000,0.640550781250,0.724363281250,0.003262695313,0.040207560420
6.016932048020,-1.815578125000,-0.051199218750,-0.389090820312,1.047875000000,0.640550781250,0.724363281250,0.003262695313,0.040207560420
6.027095784588,-1.815475585938,-0.051199218750,-0.389090820312,1.047875000000,0.640550781250,0.724156250000,0.003262695313,0.040207560420
6.037259521156,-1.815372070313,-0.051096679688,-0.389090820312,1.047730468750,0.640757812500,0.724156250000,0.003262695313,0.040207560420
6.047423257723,-1.815269531250,-0.051096679688,-0.388947265625,1.047730468750,0.640757812500,0.724156250000,0.003262695313,0.040207560420
6.057586994291,-1.815269531250,-0.051096679688,-0.388947265625,1.047730468750,0.640757812500,0.724363281250,0.003262695313,0.040207560420
6.067750730858,-1.815166992187,-0.051096679688,-0.388947265625,1.047730468750,0.640757812500,0.724363281250,0.003262695313,0.040207560420
6.077914467426,-1.815063476562,-0.051096679688,-0.388802734375,1.047730468750,0.640757812500,0.724363281250,0.003262695313,0.040207560420
6.088078203994,-1.815063476562,-0.051096679688,-0.388802734375,1.047730468750,0.640757812500,0.724569335937,0.003262695313,0.040207560420
6.098241940561,-1.814960937500,-0.050994140625,-0.388802734375,1.047730468750,0.640757812500,0.724569335937,0.003262695313,0.040207560420
6.108405677129,-1.814960937500,-0.050994140625,-0.388802734375,1.047875000000,0.640550781250,0.724776367188,0.003262695313,0.040207560420
6.118569413696,-1.814960937500,-0.050994140625,-0.388802734375,1.047875000000,0.640550781250,0.724776367188,0.003262695313,0.040207560420
6.128733150264,-1.814960937500,-0.050890625000,-0.388802734375,1.048019531250,0.640550781250,0.724776367188,0.003262695313,0.040207560420
6.138896886832,-1.814857421875,-0.050788085937,-0.388802734375,1.048019531250,0.640550781250,0.724776367188,0.003262695313,0.040207560420
6.149060623399,-1.814857421875,-0.050685546875,-0.388947265625,1.048019531250,0.640550781250,0.724776367188,0.003262695313,0.040207560420
6.159224359967,-1.814857421875,-0.050582031250,-0.388947265625,1.048164062500,0.640344726562,0.724776367188,0.003262695313,0.040207560420
6.169388096534,-1.814857421875,-0.050479492188,-0.388947265625,1.048164062500,0.640344726562,0.724569335937,0.003262695313,0.040207560420
6.179551833102,-1.814857421875,-0.050375976563,-0.388947265625,1.048164062500,0.640550781250,0.724569335937,0.003262695313,0.040207560420
6.189715569670,-1.814754882812,-0.050170898438,-0.388947265625,1.048019531250,0.640550781250,0.724569335937,0.003262695313,0.040207560420
6.199879306237,-1.814857421875,-0.050067382812,-0.388802734375,1.048019531250,0.640550781250,0.724363281250,0.003262695313,0.040207560420
6.210043042805,-1.814857421875,-0.049862304687,-0.388802734375,1.048019531250,0.640550781250,0.724363281250,0.003262695313,0.040207560420
6.220206779372,-1.814857421875,-0.049758789063,-0.388802734375,1.048019531250,0.640550781250,0.724363281250,0.003262695313,0.040207560420
6.230370515940,-1.814857421875,-0.049656250000,-0.388802734375,1.048164062500,0.640344726562,0.724156250000,0.003262695313,0.040207560420
6.240534252508,-1.814857421875,-0.049552734375,-0.388947265625,1.048164062500,0.640344726562,0.724156250000,0.003262695313,0.040207560420
6.250697989075,-1.814857421875,-0.049552734375,-0.388947265625,1.048164062500,0.640344726562,0.724156250000,0.003262695313,0.040207560420
6.260861725643,-1.814960937500,-0.049450195313,-0.388947265625,1.048164062500,0.640344726562,0.723950195313,0.003262695313,0.040207560420
6.271025462210,-1.814960937500,-0.049450195313,-0.388947265625,1.048164062500,0.640344726562,0.723950195313,0.003262695313,0.040207560420
6.281189198778,-1.814960937500,-0.049450195313,-0.388802734375,1.048317382813,0.640344726562,0.723743164063,0.003262695313,0.040207560420
6.291352935346,-1.814960937500,-0.049450195313,-0.388802734375,1.048317382813,0.640344726562,0.723743164063,0.003262695313,0.040207560420
6.301516671913,-1.814960937500,-0.049450195313,-0.388802734375,1.048317382813,0.640344726562,0.723743164063,0.003262695313,0.040207560420
6.311680408481,-1.814960937500,-0.049347656250,-0.388802734375,1.048317382813,0.640344726562,0.723537109375,0.003262695313,0.040207560420
6.321844145048,-1.814857421875,-0.049347656250,-0.388802734375,1.048317382813,0.640344726562,0.723537109375,0.003262695313,0.040207560420
6.332007881616,-1.814857421875,-0.049347656250,-0.388658203125,1.048317382813,0.640344726562,0.723537109375,0.003262695313,0.040207560420
6.342171618184,-1.814754882812,-0.049244140625,-0.388513671875,1.048317382813,0.640344726562,0.723537109375,0.003262695313,0.040207560420
6.352335354751,-1.814754882812,-0.049244140625,-0.388369140625,1.048317382813,0.640344726562,0.723537109375,0.003262695313,0.040207560420
6.362499091319,-1.814754882812,-0.049244140625,-0.388224609375,1.048317382813,0.640344726562,0.723537109375,0.003262695313,0.040207560420
6.372662827886,-1.814754882812,-0.049244140625,-0.388081054687,1.048317382813,0.640344726562,0.723537109375,0.003262695313,0.040207560420
6.382826564454,-1.814754882812,-0.049244140625,-0.388081054687,1.048317382813,0.640344726562,0.723537109375,0.003262695313,0.040207560420
6.392990301022,-1.814754882812,-0.049244140625,-0.387936523438,1.048317382813,0.640344726562,0.723537109375,0.003262695313,0.040207560420
6.403154037589,-1.814754882812,-0.049244140625,-0.387936523438,1.048317382813,0.640550781250,0.723330078125,0.003262695313,0.040207560420
6.413317774157,-1.814754882812,-0.049244140625,-0.387936523438,1.048317382813,0.640550781250,0.723330078125,0.003262695313,0.040207560420
6.423481510724,-1.814754882812,-0.049347656250,-0.387936523438,1.048317382813,0.640550781250,0.723330078125,0.003262695313,0.040207560420
6.433645247292,-1.814754882812,-0.049347656250,-0.387936523438,1.048164062500,0.640550781250,0.723124023438,0.003262695313,0.040207560420
6.443808983860,-1.814754882812,-0.049450195313,-0.387936523438,1.048164062500,0.640757812500,0.722710937500,0.003262695313,0.040207560420
6.453972720427,-1.814754882812,-0.049450195313,-0.387936523438,1.048164062500,0.640757812500,0.722503906250,0.003262695313,0.040207560420
6.464136456995,-1.814754882812,-0.049552734375,-0.387936523438,1.048164062500,0.640757812500,0.722297851563,0.003262695313,0.040207560420
6.474300193562,-1.814754882812,-0.049552734375,-0.387936523438,1.048164062500,0.640757812500,0.722297851563,0.003262695313,0.040207560420
6.484463930130,-1.814754882812,-0.049552734375,-0.387936523438,1.048164062500,0.640757812500,0.721883789062,0.003262695313,0.040207560420
